Date,Open,High,Low,Close,Adj Close,Volume,Log Return
14-12-2020,122.599998,123.349998,121.540001,121.779999,121.779999,79184500,-0.005159969
11-12-2020,122.43,122.760002,120.550003,122.410004,122.410004,86939800,-0.006757559
10-12-2020,120.5,123.870003,120.150002,123.239998,123.239998,81312200,0.011917528
09-12-2020,124.529999,125.949997,121,121.779999,121.779999,115089200,-0.021125242
08-12-2020,124.370003,124.980003,123.089996,124.379997,124.379997,82225500,0.00507797
07-12-2020,122.309998,124.57,122.25,123.75,123.75,86712000,0.012195273
04-12-2020,122.599998,122.860001,121.519997,122.25,122.25,78260400,-0.005628319
03-12-2020,123.519997,123.779999,122.209999,122.940002,122.940002,78967600,-0.001138119
02-12-2020,122.019997,123.370003,120.889999,123.080002,123.080002,89004200,0.002929221
01-12-2020,121.010002,123.470001,120.010002,122.720001,122.720001,128166800,0.030361748
30-11-2020,116.970001,120.970001,116.809998,119.050003,119.050003,169410200,0.020880125
27-11-2020,116.57,117.489998,116.220001,116.589996,116.589996,46691300,0.004814703
25-11-2020,115.550003,116.75,115.169998,116.029999,116.029999,76499200,0.007439489
24-11-2020,113.910004,115.849998,112.589996,115.169998,115.169998,113874200,0.011527505
23-11-2020,117.18,117.620003,113.75,113.849998,113.849998,127959300,-0.030193894
20-11-2020,118.639999,118.769997,117.290001,117.339996,117.339996,73604300,-0.01101802
19-11-2020,117.589996,119.059998,116.809998,118.639999,118.639999,74113000,0.005154868
18-11-2020,118.610001,119.82,118,118.029999,118.029999,76322100,-0.011456616
17-11-2020,119.550003,120.669998,118.959999,119.389999,119.389999,74271000,-0.007593211
16-11-2020,118.919998,120.989998,118.150002,120.300003,120.300003,91183000,0.008682647
13-11-2020,119.440002,119.669998,117.870003,119.260002,119.260002,81581900,0.000419365
12-11-2020,119.620003,120.529999,118.57,119.209999,119.209999,103162300,-0.002346034
11-11-2020,117.190002,119.629997,116.440002,119.489998,119.489998,112295000,0.029901124
10-11-2020,115.550003,117.589996,114.129997,115.970001,115.970001,138023400,-0.003013468
09-11-2020,120.5,121.989998,116.050003,116.32,116.32,154515300,-0.020170055
06-11-2020,118.32,119.199997,116.129997,118.690002,118.690002,114457900,-0.001136728
05-11-2020,117.949997,119.620003,116.870003,119.029999,118.824997,126387100,0.034878328
04-11-2020,114.139999,115.589996,112.349998,114.949997,114.752022,138235500,0.040024824
03-11-2020,109.660004,111.489998,108.730003,110.440002,110.249794,107624400,0.015236883
02-11-2020,109.110001,110.68,107.32,108.769997,108.582664,122866900,-0.000827156
30-10-2020,111.059998,111.989998,107.720001,108.860001,108.672516,190272600,-0.057648165
29-10-2020,112.370003,116.93,112.199997,115.32,115.121384,146129200,0.036380526
28-10-2020,115.050003,115.43,111.099998,111.199997,111.008476,143937800,-0.047418915
27-10-2020,115.489998,117.279999,114.540001,116.599998,116.399178,92276800,0.013382419
26-10-2020,114.010002,116.550003,112.879997,115.050003,114.851852,111850700,8.68896E-05
23-10-2020,116.389999,116.550003,114.279999,115.040001,114.841873,82572600,-0.006152745
22-10-2020,117.449997,118.040001,114.589996,115.75,115.550644,101988000,-0.00962959
21-10-2020,116.669998,118.709999,116.449997,116.870003,116.668724,89946000,-0.00546119
20-10-2020,116.199997,118.980003,115.629997,117.510002,117.307617,124423700,0.013105683
19-10-2020,119.959999,120.419998,115.660004,115.980003,115.780251,120639300,-0.025873739
16-10-2020,121.279999,121.550003,118.809998,119.019997,118.81501,115393800,-0.014099484
15-10-2020,118.720001,121.199997,118.150002,120.709999,120.502106,112559200,-0.003968568
14-10-2020,121,123.029999,119.620003,121.190002,120.981277,151062300,0.000742895
13-10-2020,125.269997,125.389999,119.650002,121.099998,120.891434,262330500,-0.02688555
12-10-2020,120.059998,125.18,119.279999,124.400002,124.185753,240226800,0.061584708
09-10-2020,115.279999,117,114.919998,116.970001,116.768547,100506900,0.017246298
08-10-2020,116.25,116.400002,114.589996,114.970001,114.771988,83477200,-0.00095637
07-10-2020,114.620003,115.550003,114.129997,115.080002,114.881805,96849000,0.016824798
06-10-2020,115.699997,116.120003,112.25,113.160004,112.965111,161498200,-0.029088495
05-10-2020,113.910004,116.650002,113.550003,116.5,116.299355,106243800,0.030326483
02-10-2020,112.889999,115.370003,112.220001,113.019997,112.825348,144712000,-0.032812699
01-10-2020,117.639999,117.720001,115.830002,116.790001,116.58886,116120400,0.008426583
30-09-2020,113.790001,117.260002,113.620003,115.809998,115.610542,142675200,0.014963336
29-09-2020,114.550003,115.309998,113.57,114.089996,113.893501,99382200,-0.007596687
28-09-2020,115.010002,115.32,112.779999,114.959999,114.762009,137672400,0.023588496
25-09-2020,108.43,112.440002,107.669998,112.279999,112.086624,149981400,0.036829572
24-09-2020,105.169998,110.25,105,108.220001,108.033615,167743300,0.010216496
23-09-2020,111.620003,112.110001,106.769997,107.120003,106.935509,150718700,-0.042851305
22-09-2020,112.68,112.860001,109.160004,111.809998,111.617432,183055400,0.015593633
21-09-2020,104.540001,110.190002,103.099998,110.080002,109.890411,195713800,0.029874988
18-09-2020,110.400002,110.879997,106.089996,106.839996,106.655991,287104900,-0.03223412
17-09-2020,109.720001,112.199997,108.709999,110.339996,110.149963,178011000,-0.016092422
16-09-2020,115.230003,116,112.040001,112.129997,111.936882,154679000,-0.029957895
15-09-2020,118.330002,118.830002,113.610001,115.540001,115.341011,184642000,0.00155916
14-09-2020,114.720001,115.93,112.800003,115.360001,115.161316,140150100,0.029558775
11-09-2020,114.57,115.230003,110,112,111.807106,180860300,-0.013215858
10-09-2020,120.360001,120.5,112.5,113.489998,113.29454,182274400,-0.033190511
09-09-2020,117.260002,119.139999,115.260002,117.32,117.117943,176940500,0.039111609
08-09-2020,113.949997,118.989998,112.68,112.82,112.625694,231366600,-0.069666253
04-09-2020,120.07,123.699997,110.889999,120.959999,120.751671,332607200,0.000661618
03-09-2020,126.910004,128.839996,120.5,120.879997,120.671806,257599600,-0.083447817
02-09-2020,137.589996,137.979996,127,131.399994,131.173691,200119000,-0.020936039
01-09-2020,132.759995,134.800003,130.529999,134.179993,133.948898,152470100,0.039059762
31-08-2020,127.580002,131,126,129.039993,128.817749,225702700,0.033349778
28-08-2020,126.012497,126.442497,124.577499,124.807503,124.592552,187630000,-0.001621166
27-08-2020,127.142502,127.485001,123.832497,125.010002,124.794701,155552400,-0.012026423
26-08-2020,126.18,126.9925,125.082497,126.522499,126.304596,163022400,0.01350743
25-08-2020,124.697502,125.18,123.052498,124.824997,124.610016,211495600,-0.008237568
24-08-2020,128.697495,128.785004,123.9375,125.857498,125.640739,345937600,0.011889328
21-08-2020,119.262497,124.8675,119.25,124.370003,124.1558,338054800,0.050248575
20-08-2020,115.75,118.392502,115.732498,118.275002,118.071297,126907200,0.021946984
19-08-2020,115.982498,117.162498,115.610001,115.707497,115.508217,145538000,0.0012539
18-08-2020,114.352501,116,114.0075,115.5625,115.363472,105633600,0.008298321
17-08-2020,116.0625,116.087502,113.962502,114.607498,114.41011,119561600,-0.002614286
14-08-2020,114.830002,115,113.044998,114.907501,114.709602,165565200,-0.000891577
13-08-2020,114.43,116.042503,113.927498,115.010002,114.81192,210082000,0.017542731
12-08-2020,110.497498,113.275002,110.297501,113.010002,112.815369,165944800,0.032694024
11-08-2020,111.970001,112.482498,109.107498,109.375,109.186623,187902400,-0.03019112
10-08-2020,112.599998,113.775002,110,112.727501,112.533356,212403600,0.014430222
07-08-2020,113.205002,113.675003,110.292503,111.112503,110.921135,198045600,-0.022998168
06-08-2020,110.404999,114.412498,109.797501,113.902496,113.501678,202428800,0.034294405
05-08-2020,109.377502,110.392502,108.897499,110.0625,109.675194,121992000,0.003618065
04-08-2020,109.1325,110.790001,108.387497,109.665001,109.279099,173071600,0.006655996
03-08-2020,108.199997,111.637497,107.892502,108.9375,108.554153,308151200,0.024885299
31-07-2020,102.885002,106.415001,100.824997,106.260002,105.886086,374336800,0.09956356
30-07-2020,94.1875,96.297501,93.767502,96.190002,95.851517,158130000,0.012027597
29-07-2020,93.75,95.230003,93.712502,95.040001,94.705559,90329200,0.018986925
28-07-2020,94.3675,94.550003,93.247498,93.252502,92.924355,103625600,-0.016563912
27-07-2020,93.709999,94.904999,93.480003,94.809998,94.476364,121214000,0.023423721
24-07-2020,90.987503,92.970001,89.144997,92.614998,92.289093,185438800,-0.002480368
23-07-2020,96.997498,97.077499,92.010002,92.845001,92.518288,197004400,-0.046584788
22-07-2020,96.692497,97.974998,96.602501,97.272499,96.930199,89001600,0.002805308
21-07-2020,99.172501,99.25,96.7425,97,96.658661,103646000,-0.013897893
20-07-2020,96.417503,98.5,96.0625,98.357498,98.011391,90318000,0.02085497
17-07-2020,96.987503,97.147499,95.839996,96.327499,95.988533,92186800,-0.002022289
16-07-2020,96.5625,97.404999,95.904999,96.522499,96.182846,110577600,-0.012381234
15-07-2020,98.989998,99.247498,96.489998,97.724998,97.381111,153198000,0.006853773
14-07-2020,94.839996,97.254997,93.877502,97.057503,96.715965,170989200,0.016412967
13-07-2020,97.264999,99.955002,95.2575,95.477501,95.141525,191649200,-0.004623873
10-07-2020,95.334999,95.980003,94.705002,95.919998,95.582466,90257200,0.001747746
09-07-2020,96.262497,96.317497,94.672501,95.752502,95.415558,125642800,0.004291116
08-07-2020,94.18,95.375,94.089996,95.342499,95.006996,117092000,0.023023026
07-07-2020,93.852501,94.654999,93.057503,93.172501,92.844635,112424400,-0.003107667
06-07-2020,92.5,93.945,92.467499,93.462502,93.133614,118655600,0.0263987
02-07-2020,91.962502,92.6175,90.910004,91.027496,90.707176,28510400,0
01-07-2020,91.279999,91.839996,90.977501,91.027496,90.707176,27684300,-0.001893206
30-06-2020,90.019997,91.495003,90,91.199997,90.879066,35055800,0.008312864
29-06-2020,88.3125,90.542503,87.82,90.445,90.126732,32661500,0.022785087
26-06-2020,91.102501,91.330002,88.254997,88.407501,88.096405,51314200,-0.031207674
25-06-2020,90.175003,91.25,89.392502,91.209999,90.889038,34380600,0.01318823
24-06-2020,91.25,92.197502,89.629997,90.014999,89.698242,48155800,-0.017809699
23-06-2020,91,93.095001,90.567497,91.6325,91.310051,53038900,0.021120198
22-06-2020,87.834999,89.864998,87.787498,89.717499,89.401787,33861300,0.025827367
19-06-2020,88.660004,89.139999,86.287498,87.43,87.122337,66119000,-0.005731096
18-06-2020,87.852501,88.362503,87.305,87.932503,87.623077,24205100,0.000398159
17-06-2020,88.787498,88.849998,87.772499,87.897499,87.588196,28532000,-0.001392619
16-06-2020,87.864998,88.300003,86.18,88.019997,87.710258,41357200,0.026157129
15-06-2020,83.3125,86.419998,83.144997,85.747498,85.445755,138808800,0.01229126
12-06-2020,86.18,86.949997,83.555,84.699997,84.401947,200146000,0.008596481
11-06-2020,87.327499,87.764999,83.870003,83.974998,83.679497,201662400,-0.049201151
10-06-2020,86.974998,88.692497,86.522499,88.209999,87.89959,166651600,0.025402083
09-06-2020,83.035004,86.402496,83.002502,85.997498,85.694878,147712400,0.031089689
08-06-2020,82.5625,83.400002,81.830002,83.364998,83.07164,95654400,0.005894991
05-06-2020,80.837502,82.9375,80.807503,82.875,82.583374,137250400,0.028082991
04-06-2020,81.097504,81.404999,80.195,80.580002,80.296448,87560400,-0.008649445
03-06-2020,81.165001,81.550003,80.574997,81.279999,80.99398,104491200,0.005489955
02-06-2020,80.1875,80.860001,79.732498,80.834999,80.550545,87642800,0.004618763
01-06-2020,79.4375,80.587502,79.302498,80.462502,80.179359,80791200,0.01222291
29-05-2020,79.8125,80.287498,79.1175,79.485001,79.205299,153598000,-0.000974523
28-05-2020,79.192497,80.860001,78.907501,79.5625,79.282524,133560800,0.000440055
27-05-2020,79.035004,79.677498,78.272499,79.527496,79.247643,112945200,0.004347496
26-05-2020,80.875,81.059998,79.125,79.182503,78.903862,125522000,-0.006796555
22-05-2020,78.942497,79.807503,78.837502,79.722504,79.441963,81803200,0.006417786
21-05-2020,79.665001,80.222504,78.967499,79.212502,78.933754,102688800,-0.007483431
20-05-2020,79.169998,79.879997,79.129997,79.807503,79.526665,111504800,0.019261491
19-05-2020,78.7575,79.629997,78.252502,78.285004,78.009521,101729600,-0.005795197
18-05-2020,78.292503,79.125,77.580002,78.739998,78.462914,135372400,0.023287868
15-05-2020,75.087502,76.974998,75.052498,76.927498,76.656792,166348400,-0.005929595
14-05-2020,76.127502,77.447502,75.3825,77.385002,77.112686,158929200,0.006124495
13-05-2020,78.037498,78.987503,75.802498,76.912498,76.641853,200622400,-0.012147493
12-05-2020,79.457497,79.922501,77.727501,77.852501,77.578537,162301200,-0.011494039
11-05-2020,77.025002,79.262497,76.809998,78.752502,78.475372,145946400,0.015612705
08-05-2020,76.410004,77.587502,76.072502,77.532501,77.259674,134048000,0.023522923
07-05-2020,75.805,76.292503,75.4925,75.934998,75.463509,115215200,0.010291727
06-05-2020,75.114998,75.809998,74.717499,75.157501,74.690842,142333600,0.010264475
05-05-2020,73.764999,75.25,73.614998,74.389999,73.928101,147751200,0.014897365
04-05-2020,72.292503,73.422501,71.580002,73.290001,72.83493,133568000,0.014049549
01-05-2020,71.5625,74.75,71.462502,72.267502,71.818787,240616800,-0.016230256
30-04-2020,72.489998,73.6325,72.087502,73.449997,72.993935,183064000,0.020876646
29-04-2020,71.182503,72.417503,70.972504,71.932503,71.485863,137280800,0.032317433
28-04-2020,71.269997,71.457497,69.550003,69.644997,69.212555,112004800,-0.01634234
27-04-2020,70.449997,71.135002,69.987503,70.792503,70.352943,117087600,0.000706546
24-04-2020,69.300003,70.752502,69.25,70.7425,70.303253,126508800,0.028460645
23-04-2020,68.967499,70.4375,68.717499,68.7575,68.330582,124814400,-0.003882818
22-04-2020,68.402496,69.474998,68.050003,69.025002,68.596413,117057200,0.028396511
21-04-2020,69.07,69.3125,66.357498,67.092499,66.675911,180991600,-0.031398092
20-04-2020,69.487503,70.419998,69.212502,69.232498,68.80262,130015200,-0.020975296
17-04-2020,71.172501,71.737503,69.214996,70.699997,70.261017,215250000,-0.013661437
16-04-2020,71.845001,72.050003,70.587502,71.672501,71.22747,157125200,0.007914219
15-04-2020,70.599998,71.582497,70.157501,71.107498,70.665985,131154400,-0.009169126
14-04-2020,70,72.0625,69.512497,71.762497,71.31691,194994800,0.049269228
13-04-2020,67.077499,68.425003,66.457497,68.3125,67.888336,131022800,0.019437401
09-04-2020,67.175003,67.517502,66.175003,66.997498,66.581505,162116400,0.00719024
08-04-2020,65.684998,66.842499,65.307503,66.517502,66.104485,168895200,0.025272455
07-04-2020,67.699997,67.925003,64.75,64.857498,64.454796,202887200,-0.011649733
06-04-2020,62.724998,65.777496,62.345001,65.6175,65.210068,201820400,0.083639914
03-04-2020,60.700001,61.424999,59.7425,60.352501,59.977768,129880000,-0.014475574
02-04-2020,60.084999,61.287498,59.224998,61.232498,60.852295,165934000,0.016548973
01-04-2020,61.625,62.18,59.782501,60.227501,59.853539,176218400,-0.054051922
31-03-2020,63.900002,65.622498,63,63.572498,63.177769,197002000,-0.002042809
30-03-2020,62.685001,63.880001,62.349998,63.702499,63.306961,167976400,0.028138323
27-03-2020,63.1875,63.967499,61.762501,61.935001,61.550438,204216800,-0.042283803
26-03-2020,61.630001,64.669998,61.59,64.610001,64.208832,252087200,0.05128517
25-03-2020,62.6875,64.5625,61.075001,61.380001,60.998886,303602000,-0.005523947
24-03-2020,59.09,61.922501,58.575001,61.720001,61.336773,287531200,0.095605875
23-03-2020,57.02,57.125,53.1525,56.092499,55.744217,336752800,-0.021472972
20-03-2020,61.794998,62.9575,57,57.310001,56.954155,401693200,-0.065590366
19-03-2020,61.8475,63.209999,60.6525,61.195,60.815033,271857200,-0.00769156
18-03-2020,59.942501,62.5,59.279999,61.6675,61.284599,300233600,-0.024784575
17-03-2020,61.877499,64.402496,59.599998,63.215,62.822491,324056000,0.04303082
16-03-2020,60.487499,64.769997,60,60.552502,60.176525,322423600,-0.13770802
13-03-2020,66.222504,69.980003,63.237499,69.4925,69.061012,370732000,0.113157473
12-03-2020,63.985001,67.5,62,62.057499,61.672176,418474000,-0.103977794
11-03-2020,69.347504,70.305,67.964996,68.857498,68.429955,255598800,-0.035347983
10-03-2020,69.285004,71.610001,67.342499,71.334999,70.892075,285290000,0.069546235
09-03-2020,65.9375,69.522499,65.75,66.542503,66.129333,286744800,-0.082395256
06-03-2020,70.5,72.705002,70.307503,72.2575,71.808846,226176800,-0.013369036
05-03-2020,73.879997,74.887497,72.852501,73.230003,72.775307,187572800,-0.032974835
04-03-2020,74.110001,75.849998,73.282501,75.684998,75.215065,219178400,0.045340988
03-03-2020,75.917503,76,71.449997,72.330002,71.880898,319475600,-0.032274524
02-03-2020,70.57,75.360001,69.43,74.702499,74.238663,341397200,0.089018364
28-02-2020,64.315002,69.602501,64.092499,68.339996,67.915665,426884800,-0.000585202
27-02-2020,70.275002,71.5,68.239998,68.379997,67.955421,320605600,-0.067602543
26-02-2020,71.6325,74.470001,71.625,73.162498,72.708221,198054800,0.015739024
25-02-2020,75.237503,75.6325,71.532501,72.019997,71.572823,230673600,-0.034459124
24-02-2020,74.315002,76.044998,72.307503,74.544998,74.082146,222195200,-0.048665516
21-02-2020,79.654999,80.112503,77.625,78.262497,77.776558,129554000,-0.022895148
20-02-2020,80.657501,81.162498,79.552498,80.074997,79.577805,100566000,-0.010311901
19-02-2020,80,81.142502,80,80.904999,80.402649,93984000,0.014378867
18-02-2020,78.839996,79.9375,78.652496,79.75,79.254822,152531200,-0.018480223
14-02-2020,81.184998,81.495003,80.712502,81.237503,80.733086,80113600,0.000246113
13-02-2020,81.047501,81.555,80.837502,81.217499,80.713219,94747600,-0.007146462
12-02-2020,80.3675,81.805,80.3675,81.800003,81.292099,113730400,0.023470212
11-02-2020,80.900002,80.974998,79.677498,79.902496,79.406372,94323200,-0.006051531
10-02-2020,78.544998,80.387497,78.462502,80.387497,79.888359,109348800,0.004738204
07-02-2020,80.592499,80.849998,79.5,80.0075,79.510727,117684000,-0.013685909
06-02-2020,80.642502,81.305,80.065002,81.302498,80.606384,105425600,0.011629046
05-02-2020,80.879997,81.190002,79.737503,80.362503,79.674438,118826800,0.008121292
04-02-2020,78.827499,79.910004,78.407501,79.712502,79.029999,136616400,0.032480422
03-02-2020,76.074997,78.372498,75.555,77.165001,76.504311,173985600,-0.002750021
31-01-2020,80.232498,80.669998,77.072502,77.377502,76.714989,199588400,-0.045351734
30-01-2020,80.135002,81.022499,79.6875,80.967499,80.274246,126743200,-0.001450235
29-01-2020,81.112503,81.962502,80.345001,81.084999,80.390747,216229200,0.02071634
28-01-2020,78.150002,79.599998,78.047501,79.422501,78.742477,162234000,0.027896589
27-01-2020,77.514999,77.942497,76.220001,77.237503,76.576187,161940000,-0.029846264
24-01-2020,80.0625,80.832497,79.379997,79.577499,78.896149,146537600,-0.00288615
23-01-2020,79.480003,79.889999,78.912498,79.807503,79.124184,104472000,0.00480433
22-01-2020,79.644997,79.997498,79.327499,79.425003,78.744957,101832400,0.003563076
21-01-2020,79.297501,79.754997,79,79.142502,78.464882,110843200,-0.006799779
17-01-2020,79.067497,79.684998,78.75,79.682503,79.000244,137816400,0.011009987
16-01-2020,78.397499,78.925003,78.022499,78.809998,78.135223,108829200,0.012448782
15-01-2020,77.962502,78.875,77.387497,77.834999,77.168564,121923600,-0.004294822
14-01-2020,79.175003,79.392502,78.042503,78.169998,77.500702,161954400,-0.013595158
13-01-2020,77.910004,79.267502,77.787498,79.239998,78.561531,121532000,0.02113936
10-01-2020,77.650002,78.167503,77.0625,77.582497,76.918221,140644800,0.002258099
09-01-2020,76.809998,77.607498,76.550003,77.407501,76.744728,170108400,0.021018258
08-01-2020,74.290001,76.110001,74.290001,75.797501,75.148521,132079200,0.015958335
07-01-2020,74.959999,75.224998,74.370003,74.597504,73.958794,108872000,-0.004714097
06-01-2020,73.447502,74.989998,73.1875,74.949997,74.308266,118387200,0.00793667
03-01-2020,74.287498,75.144997,74.125,74.357498,73.72084,146322800,-0.009769738
02-01-2020,74.059998,75.150002,73.797501,75.087502,74.444603,135480400,0.022559993
31-12-2019,72.482498,73.419998,72.379997,73.412498,72.783936,100805600,0.007279945
30-12-2019,72.364998,73.172501,71.305,72.879997,72.255997,144114400,0.005917649
27-12-2019,72.779999,73.4925,72.029999,72.449997,71.829674,146266000,-0.000379534
26-12-2019,71.205002,72.495003,71.175003,72.477501,71.856941,93121200,0.019646132
24-12-2019,71.172501,71.222504,70.730003,71.067497,70.459007,48478800,0.000950181
23-12-2019,70.1325,71.0625,70.092499,71,70.39209,98572000,0.016186563
20-12-2019,70.557503,70.662498,69.639999,69.860001,69.261856,275978000,-0.002073349
19-12-2019,69.875,70.294998,69.737503,70.004997,69.405609,98369200,0.001000376
18-12-2019,69.949997,70.474998,69.779999,69.934998,69.336212,116028400,-0.002392162
17-12-2019,69.892502,70.442497,69.699997,70.102501,69.502274,114158400,0.00196333
16-12-2019,69.25,70.197502,69.245003,69.964996,69.365952,128186000,0.016972985
13-12-2019,67.864998,68.824997,67.732498,68.787498,68.19854,133587600,0.01350176
12-12-2019,66.945,68.139999,66.830002,67.864998,67.283928,137310400,0.002544897
11-12-2019,67.202499,67.775002,67.125,67.692497,67.112915,78756800,0.008493295
10-12-2019,67.150002,67.517502,66.464996,67.120003,66.545319,90420400,0.005827514
09-12-2019,67.5,67.699997,66.227501,66.730003,66.158653,128042400,-0.014098994
06-12-2019,66.870003,67.75,66.824997,67.677498,67.09803,106075600,0.019131842
05-12-2019,65.947502,66.472504,65.682503,66.394997,65.826523,74424400,0.014564493
04-12-2019,65.267502,65.827499,65.169998,65.434998,64.874741,67181600,0.008787496
03-12-2019,64.577499,64.8825,64.072502,64.862503,64.307152,114430400,-0.017990878
02-12-2019,66.817497,67.0625,65.862503,66.040001,65.474564,94487200,-0.011629542
29-11-2019,66.650002,67,66.474998,66.8125,66.240448,46617600,-0.002205176
27-11-2019,66.394997,66.995003,66.327499,66.959999,66.386681,65235600,0.013342648
26-11-2019,66.735001,66.790001,65.625,66.072502,65.50679,105207600,-0.007839126
25-11-2019,65.677498,66.610001,65.629997,66.592499,66.022324,84020400,0.017381834
22-11-2019,65.647499,65.794998,65.209999,65.445,64.884651,65325200,-0.000878327
21-11-2019,65.922501,66.002502,65.294998,65.502502,64.941666,121395200,-0.004493623
20-11-2019,66.385002,66.519997,65.099998,65.797501,65.234146,106234400,-0.011709607
19-11-2019,66.974998,67,66.347504,66.572502,66.002502,76167200,-0.003037207
18-11-2019,66.449997,66.857498,66.057503,66.775002,66.20327,86703200,0.005029448
15-11-2019,65.919998,66.445,65.752502,66.440002,65.87114,100206400,0.011809409
14-11-2019,65.9375,66.220001,65.525002,65.660004,65.097816,89182800,-0.006943552
13-11-2019,65.282501,66.195,65.267502,66.1175,65.551399,102734400,0.00953606
12-11-2019,65.387497,65.697502,65.230003,65.489998,64.929268,87388800,-0.000915993
11-11-2019,64.574997,65.6175,64.57,65.550003,64.98877,81821200,0.007887846
08-11-2019,64.672501,65.110001,64.212502,65.035004,64.478165,69986400,0.002733027
07-11-2019,64.684998,65.087502,64.527496,64.857498,64.302185,94940400,0.011475233
06-11-2019,64.192497,64.372498,63.842499,64.309998,63.56852,75864400,0.000427599
05-11-2019,64.262497,64.547501,64.080002,64.282501,63.541344,79897600,-0.001437761
04-11-2019,64.332497,64.462502,63.845001,64.375,63.632767,103272000,0.00654553
01-11-2019,62.384998,63.982498,62.290001,63.955002,63.217617,151125200,0.027985593
31-10-2019,61.810001,62.2925,59.314999,62.189999,61.472961,139162000,0.022357738
30-10-2019,61.189999,61.325001,60.302502,60.814999,60.113815,124522000,-0.000123358
29-10-2019,62.2425,62.4375,60.642502,60.822498,60.121231,142839600,-0.02339953
28-10-2019,61.855,62.3125,61.68,62.262501,61.544628,96572800,0.009967091
25-10-2019,60.790001,61.682499,60.720001,61.645,60.934254,73477200,0.012241174
24-10-2019,61.127499,61.200001,60.452499,60.895,60.192894,69275200,0.001643504
23-10-2019,60.525002,60.810001,60.305,60.794998,60.094048,75828800,0.013329557
22-10-2019,60.290001,60.549999,59.904999,59.990002,59.298336,82293600,-0.002289347
21-10-2019,59.380001,60.247501,59.330002,60.127499,59.434246,87247200,0.017194048
18-10-2019,58.647499,59.395,58.572498,59.102501,58.421066,97433600,0.004791363
17-10-2019,58.772499,59.037498,58.380001,58.82,58.141819,67585200,0.003875162
16-10-2019,58.342499,58.810001,58.299999,58.592499,57.916946,73903200,-0.004045284
15-10-2019,59.0975,59.412498,58.720001,58.830002,58.151711,87360000,-0.002334436
14-10-2019,58.724998,59.532501,58.6675,58.967499,58.287621,96427600,-0.001440469
11-10-2019,58.237499,59.41,58.077499,59.052502,58.371643,166795600,0.026250711
10-10-2019,56.982498,57.610001,56.825001,57.522499,56.859283,113013600,0.013388427
09-10-2019,56.7575,56.947498,56.41,56.7575,56.1031,74770400,0.011652044
08-10-2019,56.455002,57.014999,56.0825,56.099998,55.453178,111820000,-0.011784221
07-10-2019,56.567501,57.482498,56.459999,56.764999,56.110516,122306000,0.000220304
04-10-2019,56.41,56.872501,55.9725,56.752499,56.098156,138478800,0.027646204
03-10-2019,54.607498,55.240002,53.782501,55.205002,54.568497,114426000,0.008458721
02-10-2019,55.764999,55.895,54.482498,54.740002,54.108864,138449200,-0.025387418
01-10-2019,56.267502,57.055,56.049999,56.147499,55.500134,139223200,0.002764423
30-09-2019,55.224998,56.145,55.197498,55.9925,55.34692,103909600,0.023262577
27-09-2019,55.134998,55.240002,54.32,54.705002,54.074268,101408000,-0.004877951
26-09-2019,55,55.235001,54.7075,54.9725,54.338684,75334000,-0.00517098
25-09-2019,54.637501,55.375,54.285,55.2575,54.620396,87613600,0.015272403
24-09-2019,55.2575,55.622501,54.297501,54.419998,53.792549,124763200,-0.004766385
23-09-2019,54.737499,54.959999,54.412498,54.68,54.049557,76662000,0.004536788
20-09-2019,55.345001,55.639999,54.3675,54.432499,53.804901,221652400,-0.014726171
19-09-2019,55.502499,55.939999,55.092499,55.240002,54.603104,88242400,-0.008158126
18-09-2019,55.264999,55.712502,54.860001,55.692501,55.050385,101360000,0.009335657
17-09-2019,54.990002,55.205002,54.779999,55.174999,54.538845,73274800,0.003631396
16-09-2019,54.432499,55.032501,54.389999,54.974998,54.341152,84632400,0.005243406
13-09-2019,55,55.197498,54.255001,54.6875,54.056965,159053200,-0.019645821
12-09-2019,56.200001,56.605,55.715,55.772499,55.129459,128906800,-0.002238726
11-09-2019,54.517502,55.927502,54.432499,55.897499,55.253017,177158400,0.031300183
10-09-2019,53.465,54.195,52.927502,54.174999,53.550373,127111600,0.011743714
09-09-2019,53.709999,54.110001,52.767502,53.5425,52.925171,109237600,0.004258147
06-09-2019,53.512501,53.605,53.127499,53.314999,52.700287,77449200,-9.3885E-05
05-09-2019,53,53.4925,52.877499,53.32,52.705235,95654800,0.019362949
04-09-2019,52.0975,52.369999,51.830002,52.297501,51.694523,76752400,0.016824167
03-09-2019,51.607498,51.744999,51.055,51.424999,50.832081,80092000,-0.014670771
30-08-2019,52.540001,52.612499,51.799999,52.185001,51.583324,84573600,-0.001292528
29-08-2019,52.125,52.330002,51.665001,52.252499,51.65004,83962000,0.016790048
28-08-2019,51.025002,51.43,50.830002,51.3825,50.790073,63755200,0.006688067
27-08-2019,51.965,52.137501,50.8825,51.040001,50.451519,103493200,-0.011348046
26-08-2019,51.465,51.797501,51.264999,51.622501,51.027306,104174400,0.018820947
23-08-2019,52.357498,53.012501,50.25,50.66,50.075905,187272000,-0.0473227
22-08-2019,53.297501,53.610001,52.6875,53.115002,52.502598,89014800,-0.000846895
21-08-2019,53.247501,53.412498,52.900002,53.16,52.547081,86141600,0.010780226
20-08-2019,52.720001,53.337502,52.580002,52.59,51.983654,107537200,4.75545E-05
19-08-2019,52.654999,53.182499,52.5075,52.587502,51.981182,97654400,0.018472424
16-08-2019,51.07,51.790001,50.959999,51.625,51.029778,110481600,0.02332064
15-08-2019,50.865002,51.285,49.9175,50.435001,49.8535,108909600,-0.004993938
14-08-2019,50.790001,51.610001,50.647499,50.6875,50.103088,146189600,-0.030216944
13-08-2019,50.255001,53.035,50.119999,52.2425,51.640156,188874000,0.041476249
12-08-2019,49.904999,50.512501,49.787498,50.119999,49.542126,89927600,-0.002540726
09-08-2019,50.325001,50.689999,49.822498,50.247501,49.668159,98478800,-0.008274536
08-08-2019,50.049999,50.8825,49.8475,50.857498,50.080845,108038000,0.0218162
07-08-2019,48.852501,49.889999,48.455002,49.759998,49.000103,133457600,0.010302026
06-08-2019,49.077499,49.517502,48.509998,49.25,48.497894,143299200,0.018753603
05-08-2019,49.497501,49.662498,48.145,48.334999,47.596859,209572000,-0.053767901
02-08-2019,51.3825,51.607498,50.407501,51.005001,50.226093,163448400,-0.021385215
01-08-2019,53.474998,54.5075,51.685001,52.107498,51.311756,216071600,-0.021876746
31-07-2019,54.105,55.342499,52.825001,53.259998,52.446659,277125600,0.020198949
30-07-2019,52.189999,52.540001,51.827499,52.195,51.397919,135742800,-0.004301435
29-07-2019,52.115002,52.66,52.110001,52.419998,51.61948,86693600,0.009295175
26-07-2019,51.869999,52.432499,51.785,51.935001,51.141891,70475600,0.003471848
25-07-2019,52.2225,52.310001,51.682499,51.755001,50.964642,55638400,-0.007938793
24-07-2019,51.9175,52.287498,51.7925,52.1675,51.37085,59966400,-0.000814119
23-07-2019,52.115002,52.227501,51.822498,52.209999,51.412689,73420800,0.007787375
22-07-2019,50.912498,51.807499,50.9025,51.805,51.013874,89111600,0.022596727
19-07-2019,51.447498,51.625,50.59,50.647499,49.874054,83717200,-0.01504008
18-07-2019,51,51.470001,50.924999,51.415001,50.629833,74162400,0.011295669
17-07-2019,51.012501,51.272499,50.817501,50.837502,50.061153,56430000,-0.005639233
16-07-2019,51.147499,51.5275,50.875,51.125,50.344257,67467200,-0.003465962
15-07-2019,51.022499,51.467499,51,51.302502,50.519051,67789600,0.009351044
12-07-2019,50.612499,51,50.549999,50.825001,50.048847,70380800,0.007653525
11-07-2019,50.827499,51.0975,50.427502,50.4375,49.667259,80767200,-0.007309102
10-07-2019,50.462502,50.932499,50.389999,50.807499,50.031612,71588400,0.009840024
09-07-2019,49.799999,50.377499,49.702499,50.310001,49.541714,82312000,0.006081101
08-07-2019,50.202499,50.349998,49.602501,50.005001,49.24136,101354400,-0.020829508
05-07-2019,50.837502,51.27,50.724998,51.057499,50.27779,69062000,-0.000880955
03-07-2019,50.82,51.110001,50.672501,51.102501,50.322102,45448000,0.008252815
02-07-2019,50.352501,50.782501,50.34,50.682499,49.908512,67740800,0.005837354
01-07-2019,50.7925,51.122501,50.162498,50.387501,49.618027,109012000,0.018174612
28-06-2019,49.669998,49.875,49.262501,49.48,48.724384,124442400,-0.00915362
27-06-2019,50.072498,50.392502,49.892502,49.935001,49.172436,83598800,-0.000300326
26-06-2019,49.442501,50.247501,49.337502,49.950001,49.187206,104270000,0.0213985
25-06-2019,49.607498,49.814999,48.822498,48.892502,48.145855,84281200,-0.015273681
24-06-2019,49.634998,50.040001,49.5425,49.645,48.886864,72881600,-0.001006471
21-06-2019,49.700001,50.212502,49.537498,49.695,48.936092,191202400,-0.003415113
20-06-2019,50.092499,50.1525,49.5075,49.865002,49.1035,86056000,0.008003472
19-06-2019,49.919998,49.970001,49.327499,49.467499,48.71207,84496800,-0.002926978
18-06-2019,49.012501,50.072498,48.802502,49.612499,48.854858,106204000,0.023246153
17-06-2019,48.224998,48.740002,48.0425,48.4725,47.732269,58676400,0.005948973
14-06-2019,47.887501,48.397499,47.575001,48.185001,47.449154,75046000,-0.007288949
13-06-2019,48.674999,49.197498,48.400002,48.537498,47.796272,86698400,-0.000206145
12-06-2019,48.487499,48.9925,48.3475,48.547501,47.806126,73012800,-0.003187518
11-06-2019,48.715,49,48.400002,48.702499,47.958752,107731600,0.011513046
10-06-2019,47.952499,48.842499,47.904999,48.145,47.409767,104883600,0.012698295
07-06-2019,46.627499,47.98,46.442501,47.537498,46.81155,122737600,0.02626905
06-06-2019,45.77,46.3675,45.537498,46.305,45.597866,90105200,0.014574952
05-06-2019,46.07,46.247501,45.285,45.634998,44.938099,119093600,0.016014402
04-06-2019,43.860001,44.9575,43.630001,44.91,44.224174,123872000,0.035930715
03-06-2019,43.900002,44.48,42.567501,43.325001,42.663376,161584400,-0.010161662
31-05-2019,44.057499,44.497501,43.747501,43.767502,43.099117,108174400,-0.018281665
30-05-2019,44.487499,44.807499,44.1675,44.575001,43.894287,84873600,0.005173164
29-05-2019,44.105,44.837502,44,44.345001,43.667801,113924800,-0.00478053
28-05-2019,44.73,45.147499,44.477501,44.557499,43.877056,111792800,-0.004143347
24-05-2019,45.049999,45.535,44.654999,44.7425,44.059231,94858800,-0.003848033
23-05-2019,44.950001,45.134998,44.452499,44.915001,44.229099,146118800,-0.017217011
22-05-2019,46.165001,46.427502,45.637501,45.695,44.997185,118994400,-0.020684087
21-05-2019,46.305,47,46.174999,46.650002,45.937603,113459200,0.018989573
20-05-2019,45.880001,46.087502,45.07,45.772499,45.073498,154449200,-0.031769271
17-05-2019,46.732498,47.724998,46.689999,47.25,46.528439,131516400,-0.00569809
16-05-2019,47.477501,48.1175,47.209999,47.52,46.794319,132125600,-0.004409242
15-05-2019,46.567501,47.9375,46.505001,47.73,47.001102,106178800,0.011907916
14-05-2019,46.602501,47.424999,46.352501,47.165001,46.444736,146118800,0.015706231
13-05-2019,46.927502,47.369999,45.712502,46.43,45.720963,229722400,-0.059876745
10-05-2019,49.355,49.712502,48.192501,49.294998,48.542206,164834800,-0.013950365
09-05-2019,50.099998,50.419998,49.165001,50.18,49.224133,139634400,-0.010802256
08-05-2019,50.474998,51.334999,50.4375,50.724998,49.758747,105358000,0.00019711
07-05-2019,51.470001,51.855,50.2075,50.715,49.74894,155054800,-0.027327058
06-05-2019,51.072498,52.209999,50.875,52.119999,51.127178,129772400,-0.015563266
03-05-2019,52.7225,52.959999,52.557499,52.9375,51.929108,83569600,0.012354727
02-05-2019,52.459999,53.162498,52.032501,52.287498,51.291485,127985200,-0.006528947
01-05-2019,52.470001,53.827499,52.307499,52.630001,51.62746,259309200,0.047918969
30-04-2019,50.764999,50.849998,49.7775,50.1675,49.211864,186139600,-0.019444024
29-04-2019,51.099998,51.4925,50.965,51.1525,50.178104,88818800,0.001516132
26-04-2019,51.224998,51.25,50.529999,51.075001,50.102085,74596400,-0.004785418
25-04-2019,51.7075,51.939999,51.279999,51.32,50.342419,74172800,-0.00911648
24-04-2019,51.84,52.119999,51.762501,51.790001,50.803463,70162400,-0.001543506
23-04-2019,51.107498,51.9375,50.974998,51.869999,50.881939,93292000,0.014320255
22-04-2019,50.7075,51.235001,50.584999,51.1325,50.158489,77758000,0.003281194
18-04-2019,50.779999,51.037498,50.630001,50.965,49.994179,96783200,0.003587324
17-04-2019,49.884998,50.845001,49.6525,50.782501,49.815155,115627200,0.019285939
16-04-2019,49.865002,50.342499,49.639999,49.8125,48.863628,102785600,0.000100386
15-04-2019,49.645,49.962502,49.502499,49.807499,48.858723,70146400,0.001808476
12-04-2019,49.799999,50.035,49.052502,49.717499,48.770443,111042800,-0.000402109
11-04-2019,50.212502,50.25,49.610001,49.737499,48.790058,83603200,-0.008359093
10-04-2019,49.669998,50.185001,49.544998,50.154999,49.199608,86781200,0.005598328
09-04-2019,50.080002,50.712502,49.807499,49.875,48.924942,143072800,-0.003002889
08-04-2019,49.105,50.057499,49.084999,50.025002,49.072079,103526800,0.015613469
05-04-2019,49.112499,49.275002,48.982498,49.25,48.311844,74106400,0.006671902
04-04-2019,48.697498,49.092499,48.285,48.922501,47.990585,76457200,0.001738893
03-04-2019,48.3125,49.125,48.287498,48.837502,47.907207,93087200,0.006831527
02-04-2019,47.772499,48.615002,47.762501,48.505001,47.581043,91062800,0.014432166
01-04-2019,47.91,47.919998,47.095001,47.810001,46.899277,111448000,0.006768395
29-03-2019,47.4575,47.52,47.134998,47.487499,46.582916,94256000,0.006496456
28-03-2019,47.237499,47.389999,46.8825,47.18,46.281273,83121600,0.001325604
27-03-2019,47.1875,47.439999,46.637501,47.1175,46.219963,119393600,0.008953907
26-03-2019,47.915001,48.220001,46.145,46.697498,45.807961,199202000,-0.01038551
25-03-2019,47.877499,47.994999,46.650002,47.185001,46.286179,175381200,-0.012164804
22-03-2019,48.834999,49.422501,47.695,47.762501,46.85268,169630800,-0.02092574
21-03-2019,47.505001,49.0825,47.452499,48.772499,47.843437,204136800,0.036168223
20-03-2019,46.557499,47.372501,46.182499,47.040001,46.143944,124140800,0.008700524
19-03-2019,47.087502,47.247501,46.48,46.6325,45.744209,126585600,-0.007956292
18-03-2019,46.450001,47.0975,46.447498,47.005001,46.109615,104879200,0.010156826
15-03-2019,46.212502,46.8325,45.935001,46.529999,45.643658,156171600,0.012924309
14-03-2019,45.974998,46.025002,45.639999,45.932499,45.057541,94318000,0.011055204
13-03-2019,45.5625,45.825001,45.23,45.427502,44.562164,124130000,0.004412334
12-03-2019,45,45.6675,44.842499,45.227501,44.365974,129870400,0.011172839
11-03-2019,43.872501,44.779999,43.837502,44.724998,43.873039,128044000,0.034055685
08-03-2019,42.580002,43.267502,42.375,43.227501,42.404068,95997600,0.002374098
07-03-2019,43.467499,43.610001,43.005001,43.125,42.303516,99185600,-0.011642222
06-03-2019,43.6675,43.872501,43.485001,43.630001,42.798901,83241600,-0.00577057
05-03-2019,43.985001,44,43.634998,43.8825,43.046589,78949600,-0.001821388
04-03-2019,43.922501,44.4375,43.4925,43.962502,43.125065,109744800,0.005016729
01-03-2019,43.57,43.787498,43.2225,43.7425,42.90926,103544800,0.010456311
28-02-2019,43.580002,43.727501,43.23,43.287498,42.462925,112861600,-0.009884593
27-02-2019,43.302502,43.75,43.182499,43.717499,42.884735,111341600,0.00309294
26-02-2019,43.427502,43.825001,43.2925,43.5825,42.7523,68280800,0.000573631
25-02-2019,43.540001,43.967499,43.487499,43.557499,42.727783,87493600,0.007258152
22-02-2019,42.895,43.25,42.845001,43.2425,42.418781,75652800,0.011103769
21-02-2019,42.950001,43.092499,42.575001,42.764999,41.950378,68998800,-0.005654421
20-02-2019,42.797501,43.330002,42.747501,43.0075,42.188255,104457600,0.006414727
19-02-2019,42.427502,42.860001,42.372501,42.732498,41.918495,75891200,0.002988059
15-02-2019,42.8125,42.924999,42.4375,42.605,41.793427,98507200,-0.00222727
14-02-2019,42.427502,42.814999,42.345001,42.700001,41.886616,87342800,0.003636642
13-02-2019,42.8475,43.119999,42.48,42.544998,41.734566,89960800,-0.00416345
12-02-2019,42.525002,42.75,42.424999,42.7225,41.908688,89134000,0.008580232
11-02-2019,42.762501,42.802502,42.3125,42.357498,41.55064,83973600,-0.005767531
08-02-2019,42.247501,42.665001,42.105,42.602501,41.790977,95280000,0.00117446
07-02-2019,43.099998,43.485001,42.584999,42.735001,41.741924,126966800,-0.01912112
06-02-2019,43.662498,43.892502,43.212502,43.560001,42.547756,112958400,0.000344425
05-02-2019,43.215,43.77,43.087502,43.544998,42.533104,144406400,0.016964837
04-02-2019,41.852501,42.915001,41.82,42.8125,41.817623,125982000,0.02800898
01-02-2019,41.740002,42.244999,41.482498,41.630001,40.662605,130672400,0.000480631
31-01-2019,41.5275,42.25,41.139999,41.610001,40.643066,162958400,0.007175438
30-01-2019,40.8125,41.537498,40.057499,41.3125,40.352478,244439200,0.066101
29-01-2019,39.0625,39.532501,38.5275,38.669998,37.771385,166348800,-0.01041886
28-01-2019,38.947498,39.0825,38.415001,39.075001,38.166977,104768400,-0.009297546
25-01-2019,38.869999,39.532501,38.580002,39.439999,38.523491,134142000,0.032599656
24-01-2019,38.5275,38.619999,37.935001,38.174999,37.287888,101766000,-0.00795787
23-01-2019,38.537498,38.785,37.924999,38.48,37.585804,92522400,0.004036091
22-01-2019,39.102501,39.182499,38.154999,38.325001,37.43441,121576000,-0.022701559
18-01-2019,39.375,39.470001,38.994999,39.205002,38.293949,135004000,0.006140224
17-01-2019,38.549999,39.415001,38.314999,38.965,38.059536,119284800,0.005920216
16-01-2019,38.27,38.970001,38.25,38.735001,37.834881,122278800,0.012142684
15-01-2019,37.567501,38.3475,37.512501,38.267502,37.378242,114843600,0.020260015
14-01-2019,37.712502,37.817501,37.305,37.5,36.628578,129756800,-0.015151215
11-01-2019,38.220001,38.424999,37.877499,38.072498,37.187771,108092800,-0.009866681
10-01-2019,38.125,38.4925,37.715,38.450001,37.556507,143122800,0.003191299
09-01-2019,37.822498,38.6325,37.407501,38.327499,37.436844,180396400,0.016839135
08-01-2019,37.389999,37.955002,37.130001,37.6875,36.811718,164101200,0.018883558
07-01-2019,37.174999,37.2075,36.474998,36.982498,36.123104,219111200,-0.002228055
04-01-2019,36.1325,37.137501,35.950001,37.064999,36.203678,234428400,0.041803035
03-01-2019,35.994999,36.43,35.5,35.547501,34.721451,365248800,-0.104924203
02-01-2019,38.7225,39.712502,38.557499,39.48,38.562561,148158800,0.00114033
31-12-2018,39.6325,39.84,39.119999,39.435001,38.518612,140014000,0.009618862
28-12-2018,39.375,39.630001,38.637501,39.057499,38.149883,169165600,0.000512295
27-12-2018,38.959999,39.192501,37.517502,39.037498,38.130344,212468400,-0.006511113
26-12-2018,37.075001,39.307499,36.68,39.2925,38.379425,234330000,0.06805265
24-12-2018,37.037498,37.887501,36.647499,36.7075,35.854492,148676800,-0.026214703
21-12-2018,39.215,39.540001,37.407501,37.682499,36.806835,382978400,-0.039672179
20-12-2018,40.099998,40.5275,38.825001,39.2075,38.296394,259092000,-0.025558781
19-12-2018,41.5,41.862499,39.772499,40.2225,39.287819,196189200,-0.03168831
18-12-2018,41.345001,41.8825,41.0975,41.517502,40.552719,135366000,0.012908884
17-12-2018,41.362499,42.087502,40.682499,40.985001,40.032593,177151600,-0.009349627
14-12-2018,42.25,42.27,41.32,41.369999,40.408638,162814800,-0.032521018
13-12-2018,42.622501,43.142502,42.387501,42.737499,41.74437,127594400,0.010880849
12-12-2018,42.599998,42.98,42.255001,42.275002,41.292618,142510800,0.002783471
11-12-2018,42.915001,42.947498,41.75,42.157501,41.177841,189126800,-0.005735884
10-12-2018,41.25,42.522499,40.8325,42.400002,41.414711,248104000,0.00656619
07-12-2018,43.372501,43.622501,42.075001,42.122501,41.143665,169126400,-0.036308172
06-12-2018,42.939999,43.695,42.605,43.68,42.664967,172393600,-0.011212108
04-12-2018,45.237499,45.5975,44.067501,44.172501,43.146023,165377200,-0.044985551
03-12-2018,46.115002,46.235001,45.302502,46.205002,45.13129,163210000,0.034345635
30-11-2018,45.072498,45.0825,44.2575,44.645,43.607544,158126000,-0.005416885
29-11-2018,45.665001,45.700001,44.424999,44.887501,43.844402,167080000,-0.007711837
28-11-2018,44.182499,45.322498,43.732498,45.235001,44.18383,184250000,0.037731769
27-11-2018,42.877499,43.692501,42.720001,43.560001,42.547756,165549600,-0.002178446
26-11-2018,43.560001,43.737499,42.564999,43.654999,42.640545,179994000,0.013433132
23-11-2018,43.735001,44.150002,43.025002,43.072498,42.071579,94496000,-0.025726935
21-11-2018,44.932499,45.067501,44.137501,44.195,43.167995,124496800,-0.001130847
20-11-2018,44.592499,45.3675,43.877499,44.244999,43.216839,271300800,-0.048956951
19-11-2018,47.5,47.674999,46.247501,46.465,45.38525,167701200,-0.04043881
16-11-2018,47.625,48.7425,47.365002,48.3825,47.25819,147713200,0.011014668
15-11-2018,47.0975,47.9925,46.724998,47.852501,46.740513,185915200,0.024379342
14-11-2018,48.474998,48.619999,46.482498,46.700001,45.614788,243204000,-0.028654036
13-11-2018,47.907501,49.294998,47.862499,48.057499,46.940742,187531600,-0.01004148
12-11-2018,49.75,49.962502,48.447498,48.5425,47.414471,204542000,-0.051687137
09-11-2018,51.387501,51.502499,50.5625,51.1175,49.92963,137463200,-0.019469935
08-11-2018,52.494999,52.529999,51.6875,52.122501,50.911282,101450400,-0.003495132
07-11-2018,51.4925,52.514999,51.032501,52.487499,51.089535,133697600,0.029877559
06-11-2018,50.48,51.18,50.422501,50.942501,49.585682,127531600,0.010755887
05-11-2018,51.075001,51.0975,49.5425,50.397499,49.055202,264654800,-0.028799095
02-11-2018,52.387501,53.412498,51.357498,51.869999,50.488487,365314800,-0.0686328
01-11-2018,54.762501,55.59,54.202499,55.555,54.075333,233292800,0.015235491
31-10-2018,54.220001,55.112499,54.154999,54.715,53.257713,153435600,0.025732601
30-10-2018,52.787498,53.794998,52.317501,53.325001,51.904736,146640000,0.004981936
29-10-2018,54.797501,54.922501,51.522499,53.060001,51.646793,183742000,-0.018948597
26-10-2018,53.974998,55.047501,53.1675,54.075001,52.634758,189033600,-0.016051726
25-10-2018,54.427502,55.345001,54.1875,54.950001,53.486454,119423200,0.021661625
24-10-2018,55.650002,56.057499,53.634998,53.772499,52.340309,163702000,-0.034903775
23-10-2018,53.9575,55.8125,53.674999,55.682499,54.19944,155071200,0.009382443
22-10-2018,54.947498,55.84,54.735001,55.162498,53.693295,115168400,0.006091546
19-10-2018,54.514999,55.314999,54.357498,54.827499,53.367214,132314800,0.015115194
18-10-2018,54.465,54.935001,53.25,54.005001,52.566624,130325200,-0.023651057
17-10-2018,55.575001,55.66,54.834999,55.297501,53.824699,91541600,-0.004330569
16-10-2018,54.732498,55.747501,54.189999,55.537498,54.058296,116736000,0.021797819
15-10-2018,55.290001,55.4575,54.317501,54.34,52.892693,123164000,-0.021617867
12-10-2018,55.105,55.720001,54.209999,55.5275,54.048569,161351600,0.035096134
11-10-2018,53.630001,54.875,53.080002,53.612499,52.184574,212497600,-0.00886694
10-10-2018,56.365002,56.587502,54.012501,54.09,52.649349,167962400,-0.047433619
09-10-2018,55.91,56.817501,55.5625,56.717499,55.206875,107564000,0.013758327
08-10-2018,55.552502,56.200001,55.049999,55.942501,54.452522,118655600,-0.002320834
05-10-2018,56.990002,57.102501,55.145,56.072498,54.579044,134322000,-0.016362214
04-10-2018,57.695,58.087502,56.682499,56.997501,55.479424,128168000,-0.01773726
03-10-2018,57.512501,58.3675,57.445,58.017502,56.472256,114619200,0.012095253
02-10-2018,56.8125,57.5,56.657501,57.32,55.793324,99152800,0.008849179
01-10-2018,56.987499,57.355,56.587502,56.814999,55.301777,94403200,0.006710733
28-09-2018,56.197498,56.459999,56.005001,56.435001,54.931904,91717600,0.003505853
27-09-2018,55.955002,56.610001,55.884998,56.237499,54.739658,120724800,0.020343343
26-09-2018,55.25,55.9375,54.939999,55.105,53.637321,95938800,-0.007998048
25-09-2018,54.9375,55.705002,54.924999,55.547501,54.068035,98217600,0.006320792
24-09-2018,54.205002,55.314999,54.157501,55.197498,53.72736,110773600,0.014277721
21-09-2018,55.195,55.34,54.322498,54.415001,52.965706,384986800,-0.010829571
20-09-2018,55.060001,55.57,54.787498,55.0075,53.542419,106435200,0.007573145
19-09-2018,54.625,54.904999,53.825001,54.592499,53.138466,108495200,0.000595377
18-09-2018,54.447498,55.462502,54.279999,54.560001,53.106838,126286800,0.001650867
17-09-2018,55.537498,55.737499,54.317501,54.470001,53.019238,148780400,-0.026987019
14-09-2018,56.4375,56.709999,55.630001,55.959999,54.469551,127997200,-0.011416103
13-09-2018,55.880001,57.087502,55.642502,56.602501,55.094944,166825600,0.023868242
12-09-2018,56.235001,56.25,54.959999,55.267502,53.795494,197114800,-0.012496952
11-09-2018,54.502499,56.075001,54.139999,55.962502,54.471992,142996000,0.024968599
10-09-2018,55.237499,55.462502,54.1175,54.5825,53.128742,158066000,-0.013511509
07-09-2018,55.462502,56.342499,55.177502,55.325001,53.851463,150479200,-0.008100862
06-09-2018,56.557499,56.837502,55.325001,55.775002,54.289478,137160000,-0.01675706
05-09-2018,57.247501,57.4175,56.275002,56.717499,55.206875,133332000,-0.006546097
04-09-2018,57.102501,57.294998,56.657501,57.09,55.56945,109560400,0.003201823
31-08-2018,56.627499,57.217499,56.5,56.907501,55.391811,173360400,0.011487819
30-08-2018,55.8125,57.064999,55.599998,56.2575,54.759121,195175200,0.00915161
29-08-2018,55.037498,55.872501,54.852501,55.744999,54.260273,109019200,0.014819048
28-08-2018,54.752499,55.134998,54.73,54.924999,53.462116,91107200,0.008043166
27-08-2018,54.287498,54.685001,54.0825,54.485001,53.033836,82100400,0.008200906
24-08-2018,54.150002,54.224998,53.7775,54.040001,52.600689,73905600,0.003104393
23-08-2018,53.662498,54.262501,53.650002,53.872501,52.437649,75532800,0.002043884
22-08-2018,53.525002,54.09,53.459999,53.762501,52.330582,76072400,4.67424E-05
21-08-2018,54.200001,54.297501,53.5075,53.759998,52.328136,104639200,-0.001951365
20-08-2018,54.525002,54.794998,53.7775,53.865002,52.430347,121150800,-0.009791343
17-08-2018,53.360001,54.487499,53.290001,54.395,52.946232,141708000,0.019773106
16-08-2018,52.9375,53.452499,52.8675,53.330002,51.909603,114001600,0.014543675
15-08-2018,52.305,52.685001,52.0825,52.560001,51.16011,115230400,0.002333364
14-08-2018,52.540001,52.639999,52.064999,52.4375,51.040874,82992000,0.004204542
13-08-2018,52.327499,52.737499,51.924999,52.217499,50.826721,103563600,0.006436112
10-08-2018,51.84,52.275002,51.6675,51.8825,50.500645,98444800,-0.00298327
09-08-2018,52.3825,52.445,51.799999,52.220001,50.651527,93970400,0.007834103
08-08-2018,51.512501,51.952499,51.130001,51.8125,50.256268,90102000,0.000675865
07-08-2018,52.330002,52.375,51.689999,51.7775,50.222313,102349600,-0.009419123
06-08-2018,52,52.3125,51.767502,52.267502,50.697598,101701600,0.005179057
03-08-2018,51.7575,52.185001,51.369999,51.997501,50.435711,133789600,0.002889109
02-08-2018,50.145,52.095001,50.087502,51.8475,50.290207,249616000,0.028811698
01-08-2018,49.782501,50.439999,49.327499,50.375,48.861935,271742800,0.057240135
31-07-2018,47.575001,48.035,47.334999,47.572498,46.143612,157492000,0.001998806
30-07-2018,47.974998,48.049999,47.267502,47.477501,46.051472,84118000,-0.005618318
27-07-2018,48.747501,48.797501,47.525002,47.744999,46.310932,96096000,-0.016771402
26-07-2018,48.6525,48.990002,48.4025,48.552502,47.094181,76304000,-0.003136081
25-07-2018,48.264999,48.712502,48.107498,48.705002,47.242104,66839600,0.009385959
24-07-2018,48.112499,48.415001,48.012501,48.25,46.800766,74791600,0.007228143
23-07-2018,47.669998,47.990002,47.389999,47.9025,46.463703,63957600,0.000887495
20-07-2018,47.945,48.107498,47.5425,47.860001,46.422485,82704800,-0.002295753
19-07-2018,47.422501,48.137501,47.422501,47.970001,46.529182,81147200,0.007743125
18-07-2018,47.945,47.950001,47.482498,47.599998,46.170292,65573600,-0.005499392
17-07-2018,47.4375,47.967499,47.299999,47.862499,46.4249,62138000,0.002824433
16-07-2018,47.880001,48.162498,47.605,47.727501,46.293961,60172400,-0.00219746
13-07-2018,47.77,47.959999,47.724998,47.8325,46.395802,50055600,0.001569109
12-07-2018,47.3825,47.852501,47.327499,47.7575,46.323059,72164400,0.016627029
11-07-2018,47.125,47.445,46.9025,46.970001,45.559212,75326000,-0.013061026
10-07-2018,47.677502,47.82,47.544998,47.587502,46.158165,63756400,-0.001207681
09-07-2018,47.375,47.669998,47.325001,47.645,46.213943,79026400,0.013789796
06-07-2018,46.355,47.107498,46.299999,46.9925,45.581036,69940800,0.013766836
05-07-2018,46.314999,46.602501,46.07,46.349998,44.957829,66416800,0.00801478
03-07-2018,46.947498,46.987499,45.884998,45.98,44.598942,55819200,-0.017569827
02-07-2018,45.955002,46.825001,45.855,46.794998,45.389462,70925200,0.011120337
29-06-2018,46.572498,46.797501,45.727501,46.2775,44.887512,90950800,-0.002104606
28-06-2018,46.025002,46.552502,45.950001,46.375,44.982082,69460800,0.007249893
27-06-2018,46.307499,46.82,46.0075,46.040001,44.657146,101141200,-0.00146503
26-06-2018,45.747501,46.6325,45.634998,46.107498,44.722618,98276800,0.0123297
25-06-2018,45.849998,46.23,45.182499,45.5425,44.174587,126652400,-0.014982998
22-06-2018,46.529999,46.537498,46.174999,46.23,44.841438,108801600,-0.002915967
21-06-2018,46.8125,47.087502,46.235001,46.365002,44.972385,102847600,-0.005592087
20-06-2018,46.587502,46.799999,46.432499,46.625,45.224579,82514800,0.004352828
19-06-2018,46.285,46.5825,45.862499,46.422501,45.028152,134314000,-0.0162918
18-06-2018,46.970001,47.305,46.799999,47.185001,45.76775,73939600,-0.000529796
15-06-2018,47.5075,47.540001,47.064999,47.209999,45.792004,246876800,-0.010325698
14-06-2018,47.887501,47.892502,47.555,47.700001,46.267288,86440400,0.000524352
13-06-2018,48.105,48.220001,47.610001,47.674999,46.243034,86553600,-0.008251071
12-06-2018,47.8475,48.1525,47.787498,48.07,46.626167,67644400,0.005475588
11-06-2018,47.837502,47.9925,47.552502,47.807499,46.371559,73234000,-0.002454612
08-06-2018,47.7925,48,47.442501,47.924999,46.485523,106627200,-0.00913929
07-06-2018,48.535,48.549999,48.084999,48.365002,46.912315,85388800,-0.002684132
06-06-2018,48.407501,48.52,47.98,48.494999,47.038403,83734400,0.003459922
05-06-2018,48.267502,48.485001,48.09,48.327499,46.875935,86264000,0.007685562
04-06-2018,47.91,48.355,47.837502,47.9575,46.517048,105064800,0.008323007
01-06-2018,46.997501,47.564999,46.9375,47.560001,46.131493,93770000,0.017873361
31-05-2018,46.805,47.057499,46.535,46.717499,45.314293,109931200,-0.003365694
30-05-2018,46.93,47,46.695,46.875,45.467064,74762000,-0.00213114
29-05-2018,46.900002,47.1875,46.717499,46.974998,45.564064,90056400,-0.003612328
25-05-2018,47.057499,47.412498,46.912498,47.145,45.728954,69844000,0.0022828
24-05-2018,47.192501,47.209999,46.552502,47.037498,45.624683,92936000,-0.001115593
23-05-2018,46.587502,47.125,46.439999,47.09,45.67561,80233600,0.006391154
22-05-2018,47.095001,47.220001,46.695,46.790001,45.384621,60962800,-0.002507923
21-05-2018,47,47.317501,46.727501,46.907501,45.498585,73603200,0.007060072
18-05-2018,46.797501,46.952499,46.532501,46.577499,45.178493,73190800,-0.003643366
17-05-2018,47,47.227501,46.59,46.747501,45.343395,69176000,-0.006343783
16-05-2018,46.517502,47.115002,46.5,47.044998,45.631958,76732400,0.009289516
15-05-2018,46.695,46.767502,46.275002,46.610001,45.210022,94780800,-0.009130076
14-05-2018,47.252499,47.3825,46.965,47.037498,45.624683,83115200,-0.00233585
11-05-2018,47.372501,47.514999,46.862499,47.147499,45.73138,104848800,-0.003810569
10-05-2018,46.935001,47.592499,46.912498,47.509998,45.905975,111957200,0.01420262
09-05-2018,46.637501,46.849998,46.305,46.84,45.258598,92844800,0.007016467
08-05-2018,46.247501,46.555,45.9175,46.512501,44.942154,113611200,0.004795161
07-05-2018,46.294998,46.9175,46.1875,46.290001,44.727165,169805600,0.007208894
04-05-2018,44.5625,46.0625,44.5425,45.9575,44.405891,224805200,0.038483482
03-05-2018,43.970001,44.375,43.610001,44.2225,42.729462,136272800,0.00181046
02-05-2018,43.807499,44.4375,43.450001,44.142502,42.652172,266157600,0.043227364
01-05-2018,41.602501,42.299999,41.317501,42.275002,40.847713,214277600,0.022970377
30-04-2018,40.532501,41.814999,40.459999,41.314999,39.92012,169709600,0.017950018
27-04-2018,41,41.0825,40.157501,40.580002,39.209946,142623200,-0.011637142
26-04-2018,41.029999,41.432499,40.842499,41.055,39.668903,111852000,0.003477044
25-04-2018,40.654999,41.355,40.602501,40.912498,39.531212,113528400,0.004347706
24-04-2018,41.4175,41.5825,40.305,40.735001,39.359715,134768000,-0.014016828
23-04-2018,41.7075,41.73,41.022499,41.310001,39.915298,146062000,-0.00290054
20-04-2018,42.650002,42.805,41.357498,41.43,40.031242,261964400,-0.041835303
19-04-2018,43.439999,43.8475,43.165001,43.200001,41.741486,139235200,-0.028749506
18-04-2018,44.452499,44.705002,44.220001,44.459999,42.95895,83018000,-0.002246668
17-04-2018,44.122501,44.735001,44.102501,44.560001,43.055573,106421600,0.013670163
16-04-2018,43.7575,44.047501,43.7075,43.955002,42.471001,86313600,0.006218963
13-04-2018,43.695,43.959999,43.462502,43.682499,42.207695,100497200,0.003382373
12-04-2018,43.352501,43.75,43.259998,43.535,42.065174,91557200,0.009810243
11-04-2018,43.057499,43.48,42.924999,43.110001,41.654522,89726400,-0.004686474
10-04-2018,43.25,43.5,42.8825,43.3125,41.850193,113634400,0.018643137
09-04-2018,42.470001,43.272499,42.462502,42.512501,41.077202,116070800,0.009869097
06-04-2018,42.7425,43.119999,42.049999,42.095001,40.673801,140021200,-0.025911327
05-04-2018,43.145,43.557499,43.02,43.200001,41.741486,107732800,0.006910328
04-04-2018,41.220001,43.002499,41.192501,42.9025,41.454033,138422000,0.018941823
03-04-2018,41.91,42.1875,41.220001,42.0975,40.676208,121112000,0.010206892
02-04-2018,41.66,42.235001,41.1175,41.669998,40.263142,150347200,-0.006578001
29-03-2018,41.952499,42.9375,41.724998,41.945,40.528866,153594000,0.007778479
28-03-2018,41.8125,42.505001,41.297501,41.619999,40.214836,166674000,-0.011110321
27-03-2018,43.419998,43.787498,41.73,42.084999,40.664127,163690400,-0.025975712
26-03-2018,42.017502,43.275002,41.610001,43.192501,41.734245,150164800,0.046379626
23-03-2018,42.0975,42.48,41.235001,41.235001,39.842827,164115200,-0.023428933
22-03-2018,42.5,43.169998,42.150002,42.212502,40.787323,165963200,-0.014230632
21-03-2018,43.759998,43.772499,42.814999,42.817501,41.371902,148219600,-0.022915148
20-03-2018,43.810001,44.200001,43.735001,43.810001,42.330891,78597600,-0.000342552
19-03-2018,44.330002,44.3675,43.415001,43.825001,42.345394,133787200,-0.015396971
16-03-2018,44.662498,44.779999,44.404999,44.505001,43.00243,157618800,-0.00353253
15-03-2018,44.625,45.060001,44.517502,44.662498,43.154606,90975200,0.001176093
14-03-2018,45.080002,45.130001,44.452499,44.610001,43.103882,117473600,-0.008537689
13-03-2018,45.647499,45.875,44.810001,44.9925,43.473465,126774000,-0.009676867
12-03-2018,45.072498,45.5975,45.052502,45.43,43.896194,128828400,0.009621318
09-03-2018,44.490002,45,44.3475,44.994999,43.47588,128740800,0.01703495
08-03-2018,43.869999,44.279999,43.767502,44.235001,42.741543,95096400,0.010853335
07-03-2018,43.735001,43.962502,43.567501,43.7575,42.280163,126814000,-0.009326254
06-03-2018,44.477501,44.5625,44.032501,44.1675,42.676323,95154000,-0.000848635
05-03-2018,43.802502,44.435001,43.630001,44.205002,42.712555,113605600,0.00345577
02-03-2018,43.200001,44.075001,43.112499,44.052502,42.565205,153816000,0.006890562
01-03-2018,44.634998,44.945,43.165001,43.75,42.272915,195208000,-0.017671677
28-02-2018,44.814999,45.154999,44.512501,44.529999,43.026588,151128400,-0.001514659
27-02-2018,44.775002,45.119999,44.540001,44.5975,43.091808,155712400,-0.003245994
26-02-2018,44.087502,44.8475,44.052502,44.7425,43.231911,152648800,0.019579137
23-02-2018,43.4175,43.912498,43.384998,43.875,42.3937,135249600,0.017241791
22-02-2018,42.950001,43.487499,42.927502,43.125,41.669022,123967600,0.008324379
21-02-2018,43.2075,43.529999,42.752499,42.767502,41.323593,149886400,-0.004549067
20-02-2018,43.012501,43.564999,42.855,42.962502,41.512005,135722000,-0.003369485
16-02-2018,43.09,43.705002,42.942501,43.107498,41.652115,160704400,-0.003242232
15-02-2018,42.447498,43.272499,42.25,43.247501,41.78738,204588800,0.033026922
14-02-2018,40.759998,41.884998,40.720001,41.842499,40.429813,162579600,0.018269295
13-02-2018,40.487499,41.1875,40.412498,41.084999,39.697895,130196800,0.009968052
12-02-2018,39.625,40.9725,39.377499,40.677502,39.30415,243278000,0.039488684
09-02-2018,39.267502,39.4725,37.560001,39.102501,37.782326,282690400,0.012157213
08-02-2018,40.072498,40.25,38.7575,38.787498,37.325779,217562000,-0.027902484
07-02-2018,40.772499,40.849998,39.767502,39.884998,38.381927,206434400,-0.021639158
06-02-2018,38.7075,40.93,38.5,40.7575,39.221531,272975200,0.040941907
05-02-2018,39.775002,40.970001,39,39.122501,37.648155,290954000,-0.025301769
02-02-2018,41.5,41.700001,40.025002,40.125,38.612873,346375200,-0.044359914
01-02-2018,41.7925,42.154999,41.689999,41.945,40.364296,188923200,0.002088404
31-01-2018,41.717499,42.110001,41.625,41.857498,40.280087,129915600,0.002751168
30-01-2018,41.3825,41.842499,41.174999,41.7425,40.169422,184192800,-0.005911653
29-01-2018,42.540001,42.540001,41.767502,41.990002,40.407593,202561600,-0.020915518
26-01-2018,43,43,42.514999,42.877499,41.261639,156572000,0.00233472
25-01-2018,43.627499,43.737499,42.6325,42.7775,41.165417,166116000,-0.018012132
24-01-2018,44.3125,44.325001,43.299999,43.555,41.913612,204420400,-0.01605695
23-01-2018,44.325001,44.860001,44.205002,44.259998,42.592049,130756400,0.000226101
22-01-2018,44.325001,44.445,44.150002,44.25,42.58242,108434400,-0.008214968
19-01-2018,44.6525,44.895,44.352501,44.615002,42.933674,129700400,-0.004472595
18-01-2018,44.842499,45.025002,44.5625,44.814999,43.126129,124773600,0.000892804
17-01-2018,44.037498,44.8125,43.767502,44.775002,43.087643,137547200,0.016381469
16-01-2018,44.474998,44.8475,44.035,44.047501,42.387554,118263600,-0.005095148
12-01-2018,44.044998,44.34,43.912498,44.272499,42.604076,101672400,0.010273563
11-01-2018,43.647499,43.872501,43.622501,43.82,42.168621,74670800,0.005663882
10-01-2018,43.290001,43.575001,43.25,43.572498,41.930458,95839600,-0.00022933
09-01-2018,43.637501,43.764999,43.352501,43.5825,41.940075,86336000,-0.000114776
08-01-2018,43.587502,43.9025,43.482498,43.587502,41.944889,82271200,-0.003721103
05-01-2018,43.360001,43.842499,43.262501,43.75,42.101261,94640000,0.011320938
04-01-2018,43.134998,43.3675,43.02,43.2575,41.627323,89738400,0.004634103
03-01-2018,43.1325,43.637501,42.990002,43.057499,41.434864,118071600,-0.000174162
02-01-2018,42.540001,43.075001,42.314999,43.064999,41.442081,102223600,0.017746243
29-12-2017,42.630001,42.647499,42.305,42.307499,40.713127,103999600,-0.010872413
28-12-2017,42.75,42.962502,42.619999,42.77,41.158192,65920800,0.002809484
27-12-2017,42.525002,42.695,42.427502,42.650002,41.042721,85992800,0.000175784
26-12-2017,42.700001,42.8675,42.419998,42.642502,41.035507,132742000,-0.025697336
22-12-2017,43.669998,43.855,43.625,43.752499,42.103676,65397600,0
21-12-2017,43.5425,44.005001,43.525002,43.752499,42.103676,83799600,0.003778463
20-12-2017,43.717499,43.855,43.3125,43.587502,41.944889,93902400,-0.001089218
19-12-2017,43.7575,43.8475,43.522499,43.634998,41.990601,109745600,-0.010713435
18-12-2017,43.720001,44.299999,43.715,44.105,42.442883,117684400,0.013984534
15-12-2017,43.407501,43.5425,43.115002,43.4925,41.85347,160677200,0.010110149
14-12-2017,43.099998,43.282501,42.912498,43.055,41.432457,81906000,-0.000290262
13-12-2017,43.125,43.384998,43,43.067501,41.444485,95273600,0.003314371
12-12-2017,43.037498,43.0975,42.865002,42.924999,41.30735,77636800,-0.005633653
11-12-2017,42.299999,43.2225,42.197498,43.1675,41.540718,141095200,0.019296622
08-12-2017,42.622501,42.75,42.205002,42.342499,40.746807,93420800,0.000295134
07-12-2017,42.2575,42.610001,42.227501,42.330002,40.734783,102693200,0.001832669
06-12-2017,41.875,42.549999,41.615002,42.252499,40.660198,114240000,-0.003720695
05-12-2017,42.264999,42.880001,42.099998,42.41,40.811764,109400800,-0.000942666
04-12-2017,43.119999,43.154999,42.407501,42.450001,40.850254,130169600,-0.007334849
01-12-2017,42.487499,42.9175,42.125,42.762501,41.150986,159037200,-0.004665899
30-11-2017,42.607498,43.035,42.110001,42.962502,41.343441,166108800,0.013886994
29-11-2017,43.157501,43.23,41.790001,42.369999,40.773273,166665600,-0.020961225
28-11-2017,43.575001,43.717499,42.965,43.267502,41.636951,105715200,-0.005876145
27-11-2017,43.762501,43.77,43.334999,43.522499,41.882336,82867200,-0.005042261
24-11-2017,43.775002,43.875,43.662498,43.7425,42.094051,56106800,5.71831E-05
22-11-2017,43.34,43.75,43.262501,43.740002,42.091644,102355600,0.01045688
21-11-2017,42.695,43.424999,42.695,43.285,41.65379,100525200,0.01841989
20-11-2017,42.572498,42.639999,42.389999,42.494999,40.893555,65049600,-0.000999682
17-11-2017,42.759998,42.8475,42.41,42.537498,40.934456,87598000,-0.005567787
16-11-2017,42.794998,42.967499,42.575001,42.775002,41.163006,94550000,0.011876135
15-11-2017,42.4925,42.580002,42.095001,42.27,40.67704,116632400,-0.013277844
14-11-2017,43.259998,43.369999,42.794998,42.834999,41.220745,99130000,-0.01523306
13-11-2017,43.375,43.625,43.349998,43.4925,41.85347,67928400,-0.004015393
10-11-2017,43.7775,43.845001,43.567501,43.6675,42.021866,100582000,-0.00331527
09-11-2017,43.7775,44.025002,43.285,43.970001,42.161411,117930400,-0.002044803
08-11-2017,43.665001,44.060001,43.5825,44.060001,42.247711,97638000,0.008147147
07-11-2017,43.477501,43.8125,43.400002,43.702499,41.904911,97446000,0.003208465
06-11-2017,43.092499,43.747501,42.93,43.5625,41.770676,140105200,0.010093846
03-11-2017,43.5,43.564999,42.779999,43.125,41.35117,237594400,0.025778702
02-11-2017,41.650002,42.125,41.32,42.0275,40.298813,165573600,0.007283598
01-11-2017,42.467499,42.485001,41.4025,41.7225,40.006359,134551200,-0.012800401
31-10-2017,41.974998,42.412498,41.735001,42.259998,40.521748,144187200,0.013819658
30-10-2017,40.9725,42.017502,40.93,41.68,39.965603,178803200,0.022258957
27-10-2017,39.822498,40.900002,39.674999,40.762501,39.085838,177816800,0.035202871
26-10-2017,39.307499,39.4575,39.195,39.352501,37.733841,68002000,0.006373157
25-10-2017,39.227501,39.387501,38.817501,39.102501,37.494122,84828400,-0.004401896
24-10-2017,39.072498,39.355,39.049999,39.275002,37.659531,71028800,0.005937341
23-10-2017,39.2225,39.422501,38.875,39.0425,37.436596,87937200,-0.000512202
20-10-2017,39.1525,39.4375,38.990002,39.0625,37.455776,95896400,0.001729693
19-10-2017,39.1875,39.27,38.755001,38.994999,37.391045,170336800,-0.023945027
18-10-2017,40.105,40.177502,39.900002,39.939999,38.29718,65496800,-0.004434163
17-10-2017,39.945,40.217499,39.807499,40.1175,38.467373,75989200,0.003683606
16-10-2017,39.474998,40,39.412498,39.970001,38.325935,96486000,0.018241244
13-10-2017,39.182499,39.32,39.102501,39.247501,37.63316,65576800,0.006326108
12-10-2017,39.087502,39.342499,38.932499,39,37.39584,64500400,-0.003519406
11-10-2017,38.9925,39.244999,38.9375,39.137501,37.527683,67622400,0.004160752
10-10-2017,39.014999,39.5,38.775002,38.974998,37.371864,62468000,0.000384882
09-10-2017,38.952499,39.182499,38.872501,38.959999,37.357483,65051600,0.003471133
06-10-2017,38.7425,38.872501,38.639999,38.825001,37.228035,69630400,-0.000579395
05-10-2017,38.544998,38.860001,38.512501,38.8475,37.249611,85135200,0.012367812
04-10-2017,38.407501,38.465,38.115002,38.369999,36.791752,80655200,-0.00649424
03-10-2017,38.502499,38.772499,38.477501,38.619999,37.031464,64921200,0.004346257
02-10-2017,38.564999,38.612499,38.18,38.452499,36.870865,74795200,-0.002013195
29-09-2017,38.302502,38.532501,38,38.529999,36.945168,105199200,0.005465228
28-09-2017,38.4725,38.57,38.174999,38.32,36.743805,88022000,-0.006178544
27-09-2017,38.450001,38.68,38.384998,38.557499,36.971531,102016800,0.007092258
26-09-2017,37.945,38.48,37.922501,38.285,36.710247,146640000,0.017057342
25-09-2017,37.497501,37.9575,37.290001,37.637501,36.089378,177549200,-0.00886144
22-09-2017,37.884998,38.067501,37.639999,37.9725,36.410603,186581600,-0.009826841
21-09-2017,38.950001,38.950001,38.1875,38.3475,36.770168,150046800,-0.01732143
20-09-2017,39.474998,39.564999,38.4575,39.017502,37.412628,211805600,-0.016899675
19-09-2017,39.877499,39.942501,39.610001,39.682499,38.050262,83242400,0.000377914
18-09-2017,40.0275,40.125,39.5,39.6675,38.035885,113077600,-0.007596765
15-09-2017,39.6175,40.2425,39.5,39.970001,38.325935,196458400,0.010057864
14-09-2017,39.747501,39.849998,39.522499,39.57,37.94239,95042800,-0.008618299
13-09-2017,39.967499,39.990002,39.477501,39.912498,38.270802,179629600,-0.007550698
12-09-2017,40.6525,40.990002,39.692501,40.215,38.560867,286856000,-0.003970544
11-09-2017,40.125,40.512501,39.9725,40.375,38.714279,126323200,0.01793042
08-09-2017,40.215,40.287498,39.6325,39.657501,38.026302,114446000,-0.016443429
07-09-2017,40.522499,40.560001,40.09,40.314999,38.656754,87714000,-0.004022321
06-09-2017,40.677502,40.747501,40.130001,40.477501,38.812557,86606800,-0.001049625
05-09-2017,40.9375,41.0625,40.139999,40.52,38.853317,117874000,-0.012081185
01-09-2017,41.200001,41.235001,40.907501,41.012501,39.325558,66364400,0.000304937
31-08-2017,40.91,41.130001,40.869999,41,39.313568,107140400,0.003971061
30-08-2017,40.950001,40.9725,40.6525,40.837502,39.157761,109078400,0.002697277
29-08-2017,40.025002,40.779999,40,40.727501,39.052284,118067600,0.008878318
28-08-2017,40.035,40.5,39.982498,40.3675,38.7071,103864000,0.010021448
25-08-2017,39.912498,40.139999,39.817501,39.965,38.321136,101920400,0.003697375
24-08-2017,40.107498,40.185001,39.637501,39.817501,38.17971,79275600,-0.004448089
23-08-2017,39.767502,40.1175,39.720001,39.994999,38.349915,77596400,0.001251137
22-08-2017,39.557499,40,39.505001,39.945,38.301964,86418400,0.016215208
21-08-2017,39.375,39.4725,38.7775,39.302502,37.685898,105474000,-0.00184289
18-08-2017,39.465,39.875,39.18,39.375,37.755413,109712400,-0.002283157
17-08-2017,40.130001,40.177502,39.459999,39.465,37.841713,111762400,-0.019385134
16-08-2017,40.485001,40.627499,40.037498,40.237499,38.582436,110686400,-0.004030466
15-08-2017,40.165001,40.549999,40.035,40.400002,38.738255,117862000,0.010888333
14-08-2017,39.830002,40.052502,39.6875,39.962502,38.318748,88490800,0.014937434
11-08-2017,39.150002,39.642502,39.017502,39.369999,37.750618,105028400,0.013810733
10-08-2017,39.974998,40,38.657501,38.830002,37.232838,163217200,-0.032369876
09-08-2017,39.814999,40.317501,39.7775,40.264999,38.457779,104526000,0.006103207
08-08-2017,39.650002,40.4575,39.567501,40.02,38.223778,144823600,0.007965076
07-08-2017,39.264999,39.73,39.1675,39.702499,37.920532,87481200,0.015355638
04-08-2017,39.017502,39.349998,38.922501,39.0975,37.342686,82239600,0.005257151
03-08-2017,39.262501,39.302502,38.755001,38.892502,37.146885,108389200,-0.010041379
02-08-2017,39.82,39.9375,39.040001,39.285,37.52177,279747200,0.046168728
01-08-2017,37.275002,37.555,37.102501,37.512501,35.828819,141474400,0.008836003
31-07-2017,37.474998,37.5825,37.032501,37.182499,35.51363,79383600,-0.005163952
28-07-2017,37.4725,37.557499,37.297501,37.375,35.697495,68854800,-0.007065144
27-07-2017,38.4375,38.497501,36.825001,37.639999,35.950596,129905200,-0.019078553
26-07-2017,38.337502,38.482498,38.264999,38.365002,36.643066,63124000,0.004703007
25-07-2017,37.950001,38.459999,37.950001,38.185001,36.471138,75415600,0.004264637
24-07-2017,37.645,38.110001,37.474998,38.022499,36.315933,85972800,0.012038881
21-07-2017,37.497501,37.610001,37.220001,37.567501,35.881351,105010400,-0.00046576
20-07-2017,37.875,37.935001,37.547501,37.584999,35.898067,68974800,-0.004513191
19-07-2017,37.619999,37.855,37.487499,37.755001,36.060448,83692000,0.006244029
18-07-2017,37.299999,37.532501,37.1675,37.52,35.835987,71475200,0.003470914
17-07-2017,37.205002,37.724998,37.142502,37.389999,35.711819,95174000,0.003482918
14-07-2017,36.9925,37.3325,36.8325,37.259998,35.587654,80528400,0.008557585
13-07-2017,36.375,37.122501,36.360001,36.942501,35.284409,100797600,0.013832917
12-07-2017,36.467499,36.544998,36.205002,36.435001,34.799683,99538000,0.001441885
11-07-2017,36.182499,36.462502,36.095001,36.3825,34.749542,79127200,0.003234852
10-07-2017,36.0275,36.487499,35.842499,36.264999,34.637314,84362400,0.00608491
07-07-2017,35.724998,36.1875,35.724998,36.044998,34.427189,76806800,0.010107671
06-07-2017,35.755001,35.875,35.602501,35.682499,34.080963,96515200,-0.009483086
05-07-2017,35.922501,36.197498,35.68,36.022499,34.405693,86278400,0.004102873
03-07-2017,36.220001,36.325001,35.775002,35.875,34.26482,57111200,-0.003617138
30-06-2017,36.112499,36.240002,35.945,36.005001,34.388985,92096400,0.002363576
29-06-2017,36.177502,36.282501,35.57,35.919998,34.3078,125997600,-0.014852945
28-06-2017,36.122501,36.5275,35.790001,36.4575,34.821175,88329600,0.014505184
27-06-2017,36.252499,36.540001,35.904999,35.932499,34.319733,99047600,-0.014436603
26-06-2017,36.7925,37.07,36.345001,36.455002,34.818787,102769600,-0.003149539
23-06-2017,36.282501,36.790001,36.2775,36.57,34.928623,141757600,0.004453162
22-06-2017,36.442501,36.674999,36.279999,36.407501,34.773426,76425200,-0.001646483
21-06-2017,36.380001,36.517502,36.1525,36.467499,34.830727,85063200,0.005913191
20-06-2017,36.717499,36.717499,36.235001,36.252499,34.625374,99600400,-0.009129994
19-06-2017,35.915001,36.685001,35.915001,36.584999,34.942951,130165600,0.028206038
16-06-2017,35.945,36.125,35.549999,35.567501,33.971119,201444400,-0.014098502
15-06-2017,35.830002,36.119999,35.552502,36.072498,34.453453,128661600,-0.006011508
14-06-2017,36.875,36.875,35.959999,36.290001,34.661194,126124800,-0.009802869
13-06-2017,36.790001,36.862499,36.287498,36.647499,35.002644,136661600,0.008013304
12-06-2017,36.435001,36.522499,35.627499,36.355,34.723278,289229200,-0.024185677
09-06-2017,38.797501,38.797501,36.505001,37.244999,35.573322,259530800,-0.039548642
08-06-2017,38.8125,38.884998,38.599998,38.747501,37.008389,85003200,-0.002448768
07-06-2017,38.755001,38.994999,38.619999,38.842499,37.099125,84278400,0.005938845
06-06-2017,38.474998,38.952499,38.445,38.612499,36.879452,106499600,0.00337246
05-06-2017,38.584999,38.612499,38.365002,38.482498,36.755287,101326800,-0.00982601
02-06-2017,38.395,38.862499,38.2225,38.862499,37.118225,111082800,0.014710361
01-06-2017,38.2925,38.3325,38.055,38.294998,36.576199,65616400,0.002745795
31-05-2017,38.4925,38.5425,38.095001,38.189999,36.475906,97804800,-0.005939601
30-05-2017,38.355,38.607498,38.3325,38.4175,36.693203,80507600,0.000390448
26-05-2017,38.5,38.560001,38.327499,38.4025,36.678879,87710400,-0.001690988
25-05-2017,38.432499,38.587502,38.2575,38.467499,36.740955,76942400,0.003450085
24-05-2017,38.459999,38.5425,38.1675,38.334999,36.614414,76712000,-0.002995012
23-05-2017,38.724998,38.724998,38.327499,38.450001,36.724239,79675600,-0.001234825
22-05-2017,38.5,38.645,38.227501,38.497501,36.769615,91865600,0.006057782
19-05-2017,38.345001,38.494999,38.157501,38.264999,36.547546,107843200,0.003403222
18-05-2017,37.817501,38.334999,37.782501,38.134998,36.423378,134272800,0.015126134
17-05-2017,38.400002,38.642502,37.427502,37.5625,35.876579,203070800,-0.034152387
16-05-2017,38.985001,39.014999,38.68,38.8675,37.123013,80194000,-0.00147799
15-05-2017,39.002499,39.162498,38.762501,38.924999,37.177921,104038800,-0.002565972
12-05-2017,38.674999,39.105,38.6675,39.025002,37.273441,130108000,0.013869133
11-05-2017,38.112499,38.517502,38.077499,38.487499,36.760059,109020400,0.008611085
10-05-2017,38.407501,38.485001,38.0275,38.314999,36.444874,103222800,-0.004751913
09-05-2017,38.467499,38.720001,38.362499,38.497501,36.618469,156521600,0.006384531
08-05-2017,37.2575,38.424999,37.2575,38.252499,36.385422,195009600,0.026825392
05-05-2017,36.689999,37.244999,36.689999,37.240002,35.422344,109310800,0.016447904
04-05-2017,36.630001,36.785,36.452499,36.6325,34.844486,93487600,-0.003610746
03-05-2017,36.397499,36.872501,36.067501,36.764999,34.970528,182788000,-0.003055419
02-05-2017,36.884998,37.022499,36.709999,36.877499,35.077541,181408800,0.006324648
01-05-2017,36.275002,36.799999,36.240002,36.645,34.856388,134411600,0.020191678
28-04-2017,36.022499,36.075001,35.817501,35.912498,34.159637,83441600,-0.000974331
27-04-2017,35.98,36.040001,35.827499,35.947498,34.192936,56985200,0.000765392
26-04-2017,36.1175,36.150002,35.845001,35.919998,34.166775,80164800,-0.005898405
25-04-2017,35.977501,36.224998,35.967499,36.1325,34.3689,75486000,0.006176667
24-04-2017,35.875,35.987499,35.794998,35.91,34.157269,68537200,0.009583866
21-04-2017,35.610001,35.669998,35.462502,35.567501,33.831474,69283600,-0.001194387
20-04-2017,35.305,35.73,35.290001,35.610001,33.871906,93278400,0.012433201
19-04-2017,35.470001,35.5,35.112499,35.169998,33.453377,69313600,-0.003689702
18-04-2017,35.352501,35.509998,35.2775,35.299999,33.577038,58790000,-0.004451875
17-04-2017,35.369999,35.470001,35.217499,35.4575,33.726852,66328400,0.005514922
13-04-2017,35.477501,35.595001,35.262501,35.262501,33.541363,71291600,-0.005303169
12-04-2017,35.400002,35.537498,35.252499,35.450001,33.719711,81400000,0.001199543
11-04-2017,35.735001,35.837502,35.014999,35.407501,33.679287,121517600,-0.010814787
10-04-2017,35.900002,35.970001,35.724998,35.7925,34.045498,75733600,-0.001186531
07-04-2017,35.932499,36.044998,35.817501,35.834999,34.085918,66688800,-0.002230105
06-04-2017,36.072498,36.130001,35.862499,35.915001,34.162018,84596000,-0.002502719
05-04-2017,36.055,36.365002,35.952499,36.005001,34.247623,110871600,-0.005194235
04-04-2017,35.8125,36.2225,35.7925,36.192501,34.425976,79565600,0.007418847
03-04-2017,35.927502,36.029999,35.762501,35.924999,34.17152,79942800,0.000278106
31-03-2017,35.93,36.067501,35.752499,35.915001,34.162018,78646800,-0.001877546
30-03-2017,36.047501,36.125,35.875,35.982498,34.226219,84829200,-0.001319199
29-03-2017,35.919998,36.122501,35.797501,36.029999,34.2714,116760000,0.002222716
28-03-2017,35.227501,36.009998,35.154999,35.950001,34.195309,133499200,0.020514913
27-03-2017,34.8475,35.305,34.654999,35.220001,33.500942,94300400,0.001705017
24-03-2017,35.375,35.435001,35.087502,35.16,33.443871,89582400,-0.001988968
23-03-2017,35.314999,35.395,35.1525,35.23,33.510456,81385200,-0.003541658
22-03-2017,34.962502,35.400002,34.939999,35.355,33.629349,103440800,0.011235174
21-03-2017,35.5275,35.700001,34.932499,34.959999,33.253632,158119600,-0.011517922
20-03-2017,35.099998,35.375,35.057499,35.365002,33.638859,86168000,0.010445802
17-03-2017,35.25,35.25,34.9725,34.997501,33.289303,175540000,-0.004987646
16-03-2017,35.18,35.255001,35.064999,35.172501,33.455753,76928000,0.001635944
15-03-2017,34.852501,35.1875,34.7575,35.115002,33.401066,102767200,0.010520683
14-03-2017,34.825001,34.912498,34.709999,34.747501,33.051506,61236400,-0.001509442
13-03-2017,34.712502,34.857498,34.705002,34.799999,33.101433,69686800,0.000430769
10-03-2017,34.8125,34.84,34.66,34.785,33.087177,78451200,0.003311592
09-03-2017,34.685001,34.697498,34.262501,34.669998,32.977787,88623600,-0.002304592
08-03-2017,34.737499,34.950001,34.705002,34.75,33.053875,74828800,-0.003734335
07-03-2017,34.764999,34.994999,34.697498,34.880001,33.17754,69785200,0.001291134
06-03-2017,34.842499,34.942501,34.650002,34.834999,33.134731,87000000,-0.003152859
03-03-2017,34.695,34.9575,34.647499,34.945,33.239365,84432400,0.005883814
02-03-2017,35,35.07,34.689999,34.740002,33.044365,104844000,-0.005955172
01-03-2017,34.4725,35.037498,34.400002,34.947498,33.241737,145658400,0.020233105
28-02-2017,34.27,34.360001,34.174999,34.247501,32.575912,93931600,0.000438395
27-02-2017,34.285,34.360001,34.07,34.232498,32.561634,81029600,0.001973407
24-02-2017,33.977501,34.165001,33.82,34.165001,32.49744,87106400,0.000951728
23-02-2017,34.345001,34.369999,34.075001,34.1325,32.466526,83152800,-0.004238978
22-02-2017,34.107498,34.279999,34.0275,34.2775,32.604443,83347600,0.002994532
21-02-2017,34.057499,34.1875,33.994999,34.174999,32.506954,98028800,0.007194841
17-02-2017,33.775002,33.9575,33.775002,33.93,32.273911,88792800,0.00272995
16-02-2017,33.9175,33.974998,33.709999,33.837502,32.185925,90338400,-0.001181185
15-02-2017,33.880001,34.067501,33.654999,33.877499,32.223965,142492400,0.00362262
14-02-2017,33.3675,33.772499,33.3125,33.755001,32.107441,132904800,0.01289549
13-02-2017,33.27,33.455002,33.1875,33.322498,31.696058,92141600,0.008816754
10-02-2017,33.115002,33.235001,33.012501,33.029999,31.41783,80262000,-0.002268048
09-02-2017,32.912498,33.112499,32.779999,33.105,31.489168,113399600,0.007200007
08-02-2017,32.837502,33.055,32.805,33.009998,31.26326,92016400,0.003870032
07-02-2017,32.634998,33.022499,32.612499,32.8825,31.142504,152735200,0.009471995
06-02-2017,32.282501,32.625,32.224998,32.572498,30.848915,107383600,0.009330364
03-02-2017,32.077499,32.297501,32.040001,32.27,30.562422,98029200,0.004269924
02-02-2017,31.995001,32.3475,31.945,32.1325,30.432201,134841600,-0.001709915
01-02-2017,31.7575,32.622501,31.752501,32.1875,30.484282,447940000,0.059193597
31-01-2017,30.2875,30.3475,30.155001,30.3375,28.732176,196804000,-0.002304825
30-01-2017,30.2325,30.407499,30.165001,30.407499,28.798475,121510000,-0.002627448
27-01-2017,30.535,30.5875,30.4,30.487499,28.874241,82251600,8.19795E-05
26-01-2017,30.4175,30.610001,30.4,30.485001,28.871874,105350400,0.000492296
25-01-2017,30.105,30.525,30.07,30.469999,28.857664,129510400,0.015795072
24-01-2017,29.887501,30.025,29.875,29.9925,28.405436,92844000,-0.000916447
23-01-2017,30,30.202499,29.942499,30.02,28.43148,88200800,0.000666385
20-01-2017,30.112499,30.112499,29.932501,30,28.41254,130391600,0.001835063
19-01-2017,29.85,30.022499,29.842501,29.945,28.360449,102389200,-0.001751752
18-01-2017,30,30.125,29.9275,29.997499,28.410173,94852000,-8.33118E-05
17-01-2017,29.584999,30.059999,29.555,30,28.41254,137759200,0.00803216
13-01-2017,29.7775,29.905001,29.702499,29.76,28.18524,104447600,-0.001762384
12-01-2017,29.725,29.825001,29.5525,29.8125,28.234957,108344800,-0.004184087
11-01-2017,29.684999,29.9825,29.65,29.9375,28.353342,110354400,0.005358711
10-01-2017,29.692499,29.844999,29.575001,29.7775,28.201811,97848400,0.001007961
09-01-2017,29.487499,29.8575,29.485001,29.747499,28.173399,134247600,0.009117768
06-01-2017,29.195,29.540001,29.1175,29.477501,27.917688,127007600,0.011086642
05-01-2017,28.98,29.215,28.952499,29.1525,27.609884,88774400,0.005072335
04-01-2017,28.9625,29.127501,28.9375,29.004999,27.470192,84472400,-0.001119896
03-01-2017,28.950001,29.0825,28.690001,29.0375,27.500973,115127600,0.002845362
30-12-2016,29.1625,29.299999,28.8575,28.955,27.422834,122345200,-0.007826323
29-12-2016,29.112499,29.2775,29.1,29.182501,27.638296,60158000,-0.00025711
28-12-2016,29.379999,29.504999,29.049999,29.190001,27.645403,83623600,-0.004273052
27-12-2016,29.129999,29.450001,29.122499,29.315001,27.763786,73187600,0.006330881
23-12-2016,28.897499,29.129999,28.897499,29.129999,27.588572,56998000,0.001975848
22-12-2016,29.0875,29.127501,28.91,29.0725,27.534115,104343600,-0.006599705
21-12-2016,29.200001,29.35,29.195,29.264999,27.716433,95132800,0.000940137
20-12-2016,29.184999,29.375,29.17,29.237499,27.690388,85700000,0.002654295
19-12-2016,28.950001,29.344999,28.9375,29.16,27.616987,111117600,0.00576078
16-12-2016,29.1175,29.125,28.9125,28.9925,27.458349,177404400,0.001294251
15-12-2016,28.844999,29.182501,28.807501,28.955,27.422834,186098000,0.005454256
14-12-2016,28.76,29.049999,28.745001,28.797501,27.27367,136127200,0
13-12-2016,28.459999,28.98,28.4375,28.797501,27.27367,174935200,0.01654379
12-12-2016,28.3225,28.75,28.122499,28.325001,26.826172,105497600,-0.00572069
09-12-2016,28.077499,28.674999,28.077499,28.487499,26.980076,137610400,0.016190208
08-12-2016,27.715,28.1075,27.65,28.030001,26.54678,108273200,0.009769271
07-12-2016,27.315001,27.797501,27.290001,27.7575,26.2887,119994800,0.009774686
06-12-2016,27.375,27.59,27.297501,27.487499,26.032988,104782000,0.00766914
05-12-2016,27.5,27.5075,27.0625,27.2775,25.834101,137298000,-0.007214344
02-12-2016,27.2925,27.522499,27.2125,27.475,26.021151,106112000,0.003737672
01-12-2016,27.592501,27.735001,27.2575,27.372499,25.924074,148347600,-0.009363268
30-11-2016,27.9,28.049999,27.567499,27.629999,26.167948,144649200,-0.008469324
29-11-2016,27.695,28.0075,27.5175,27.865,26.390514,114115200,-0.000986421
28-11-2016,27.8575,28.1175,27.8475,27.8925,26.416559,108776000,-0.001969928
25-11-2016,27.782499,27.967501,27.737499,27.9475,26.468649,45903600,0.005022025
23-11-2016,27.84,27.877501,27.5825,27.807501,26.336056,109705600,-0.005111372
22-11-2016,27.987499,28.105,27.85,27.950001,26.471014,103862000,0.000626202
21-11-2016,27.530001,27.997499,27.502501,27.932501,26.454443,117058400,0.015059696
18-11-2016,27.43,27.635,27.415001,27.514999,26.059032,113715600,0.000999923
17-11-2016,27.452499,27.5875,27.2075,27.487499,26.032988,110528000,-0.000363741
16-11-2016,26.674999,27.557501,26.65,27.497499,26.042459,235362000,0.026533073
15-11-2016,26.6425,26.92,26.540001,26.7775,25.360559,129058000,0.013156863
14-11-2016,26.9275,26.952499,26.02,26.4275,25.029079,204702000,-0.025405364
11-11-2016,26.780001,27.217501,26.637501,27.1075,25.673098,136575600,0.005920049
10-11-2016,27.772499,27.772499,26.4575,26.9475,25.521561,228538000,-0.028263691
09-11-2016,27.469999,27.83,27.012501,27.719999,26.253185,236705600,-0.001621954
08-11-2016,27.577499,27.93,27.424999,27.764999,26.295801,97016800,0.005869686
07-11-2016,27.52,27.627501,27.365,27.602501,26.141905,130240000,0.014322039
04-11-2016,27.1325,27.5625,27.0275,27.209999,25.770168,123348000,-0.009055056
03-11-2016,27.745001,27.865,27.387501,27.4575,26.004578,107730400,-0.010776471
02-11-2016,27.85,28.0875,27.807501,27.897499,26.286331,113326800,0.000896571
01-11-2016,28.365,28.442499,27.6325,27.872499,26.262774,175303200,-0.018220391
31-10-2016,28.4125,28.557501,28.299999,28.385,26.745678,105677600,-0.001584048
28-10-2016,28.467501,28.8025,28.362499,28.43,26.788078,151446800,-0.006660889
27-10-2016,28.8475,28.965,28.525,28.620001,26.967106,138248000,-0.00964933
26-10-2016,28.577499,28.924999,28.327499,28.897499,27.22858,264536800,-0.022751465
25-10-2016,29.487499,29.59,29.327499,29.5625,27.855171,192516000,0.005086875
24-10-2016,29.275,29.434999,29.25,29.4125,27.713835,94154800,0.008964812
21-10-2016,29.202499,29.227501,29.07,29.15,27.466496,92770800,-0.003937336
20-10-2016,29.215,29.344999,29.0825,29.264999,27.574854,96503200,-0.000512473
19-10-2016,29.3125,29.440001,28.450001,29.280001,27.588989,80138400,-0.002984091
18-10-2016,29.545,29.5525,29.362499,29.3675,27.67144,98214000,-0.000680723
17-10-2016,29.3325,29.459999,29.195,29.387501,27.690283,94499600,-0.000680116
14-10-2016,29.469999,29.5425,29.282499,29.407499,27.709122,142608800,0.005540976
13-10-2016,29.1975,29.360001,28.93,29.245001,27.556011,140769600,-0.003072679
12-10-2016,29.3375,29.495001,29.1875,29.334999,27.640812,150347200,0.008902637
11-10-2016,29.424999,29.672501,29.049999,29.075001,27.395828,256164000,0.002151728
10-10-2016,28.754999,29.1875,28.68,29.012501,27.336943,144944000,0.017296696
07-10-2016,28.577499,28.639999,28.377501,28.514999,26.86817,97433600,0.001491686
06-10-2016,28.424999,28.584999,28.282499,28.4725,26.828121,115117200,0.007402653
05-10-2016,28.35,28.415001,28.172501,28.262501,26.630255,85812400,0.000442452
04-10-2016,28.264999,28.577499,28.157499,28.25,26.618475,118947200,0.004256962
03-10-2016,28.1775,28.262501,28.07,28.129999,26.505402,86807200,-0.004699414
30-09-2016,28.115,28.342501,27.950001,28.262501,26.630255,145516400,0.007725485
29-09-2016,28.290001,28.450001,27.950001,28.045,26.425316,143548000,-0.015655096
28-09-2016,28.422501,28.66,28.3575,28.487499,26.842262,118564400,0.00757594
27-09-2016,28.25,28.295,28.084999,28.272499,26.639675,98429600,0.001858769
26-09-2016,27.91,28.3475,27.887501,28.219999,26.590204,119477600,0.001507179
23-09-2016,28.605,28.6975,27.887501,28.1775,26.550158,209924800,-0.016804352
22-09-2016,28.5875,28.735001,28.5,28.655001,27.000086,124296000,0.009379225
21-09-2016,28.4625,28.497499,28.110001,28.387501,26.74803,144012800,-0.000176259
20-09-2016,28.262501,28.530001,28.127501,28.3925,26.752745,138057200,-8.80245E-05
19-09-2016,28.797501,29.045,28.3125,28.395,26.7551,188092000,-0.011728811
16-09-2016,28.780001,29.032499,28.51,28.73,27.070753,319547600,-0.005640205
15-09-2016,28.465,28.932501,28.372499,28.8925,27.223869,359934400,0.033433121
14-09-2016,27.182501,28.2575,27.15,27.942499,26.328737,443554800,0.034775154
13-09-2016,26.877501,27.1975,26.809999,26.987499,25.428888,248704800,0.023526049
12-09-2016,25.6625,26.43,25.6325,26.360001,24.837629,181171200,0.022151718
09-09-2016,26.16,26.43,25.782499,25.782499,24.293482,186228000,-0.022910238
08-09-2016,26.8125,26.817499,26.309999,26.379999,24.856476,212008000,-0.026558259
07-09-2016,26.9575,27.190001,26.7675,27.09,25.525465,169457200,0.006109405
06-09-2016,26.975,27.075001,26.877501,26.924999,25.369995,107521600,-0.000278755
02-09-2016,26.924999,27,26.705,26.932501,25.377068,107210000,0.009325905
01-09-2016,26.535,26.700001,26.405001,26.682501,25.141504,106806000,0.00592052
31-08-2016,26.415001,26.6425,26.41,26.525,24.993093,118649600,0.000942825
30-08-2016,26.450001,26.625,26.375,26.5,24.96954,99455600,-0.007706296
29-08-2016,26.655001,26.860001,26.5725,26.705,25.162706,99881200,-0.001122659
26-08-2016,26.852501,26.987499,26.577499,26.735001,25.190971,111065200,-0.005873992
25-08-2016,26.8475,26.969999,26.67,26.8925,25.339378,100344800,-0.004267113
24-08-2016,27.1425,27.1875,26.92,27.0075,25.447735,94700400,-0.00756168
23-08-2016,27.147499,27.33,27.1325,27.2125,25.640892,85030800,0.003128454
22-08-2016,27.215,27.275,26.9625,27.127501,25.560801,103280800,-0.007803073
19-08-2016,27.192499,27.422501,27.09,27.34,25.761034,101472400,0.002563662
18-08-2016,27.307501,27.4,27.254999,27.27,25.695076,87938800,-0.001282458
17-08-2016,27.275,27.342501,27.084999,27.305,25.72805,101424000,-0.00146406
16-08-2016,27.407499,27.557501,27.3025,27.344999,25.765745,135177600,-0.000913819
15-08-2016,27.035,27.385,27.02,27.370001,25.789301,103472800,0.011945484
12-08-2016,26.945,27.110001,26.945,27.045,25.483068,74641600,0.00231366
11-08-2016,27.129999,27.2325,26.9625,26.9825,25.424177,109938000,-0.000648424
10-08-2016,27.1775,27.225,26.940001,27,25.440668,96034000,-0.007471975
09-08-2016,27.057501,27.235001,27.002501,27.202499,25.631472,105260800,0.004051977
08-08-2016,26.879999,27.092501,26.790001,27.092501,25.527824,112148800,0.008246596
05-08-2016,26.567499,26.9125,26.545,26.870001,25.318172,162213600,0.015092723
04-08-2016,26.395,26.5,26.32,26.467501,24.938921,109634800,0.006158646
03-08-2016,26.202499,26.459999,26.192499,26.4475,24.785803,120810400,0.012460243
02-08-2016,26.512501,26.5175,26,26.120001,24.478882,135266400,-0.014914965
01-08-2016,26.102501,26.5375,26.102501,26.512501,24.84672,152671600,0.017502374
29-07-2016,26.047501,26.137501,25.92,26.0525,24.415627,110934800,-0.001246457
28-07-2016,25.7075,26.112499,25.705,26.084999,24.446079,159479200,0.013411341
27-07-2016,26.067499,26.0875,25.6875,25.737499,24.120413,369379200,0.062940189
26-07-2016,24.205,24.4925,24.105,24.1675,22.649059,224959200,-0.006906844
25-07-2016,24.5625,24.709999,24.23,24.334999,22.806034,161531600,-0.013469802
22-07-2016,24.815001,24.825001,24.577499,24.665001,23.115305,113254800,-0.007774014
21-07-2016,24.9575,25.25,24.782499,24.8575,23.295704,130808000,-0.005316354
20-07-2016,25,25.115,24.934999,24.99,23.419882,105104000,0.000901008
19-07-2016,24.889999,25,24.834999,24.967501,23.39879,95119600,0.000400528
18-07-2016,24.674999,25.032499,24.65,24.9575,23.38942,145975600,0.010573406
15-07-2016,24.73,24.825001,24.625,24.695,23.143417,120548000,-0.000101233
14-07-2016,24.3475,24.747499,24.33,24.6975,23.14576,155676000,0.019626394
13-07-2016,24.352501,24.4175,24.209999,24.217501,22.695921,103568800,-0.005661484
12-07-2016,24.2925,24.424999,24.280001,24.355,22.824778,96670000,0.004526593
11-07-2016,24.1875,24.4125,24.182501,24.245001,22.721693,95179600,0.003098314
08-07-2016,24.122499,24.2225,24.012501,24.17,22.651403,115648400,0.007683761
07-07-2016,23.924999,24.125,23.905001,23.985001,22.478022,100558400,0.004282665
06-07-2016,23.65,23.915001,23.592501,23.8825,22.381962,123796400,0.005668489
05-07-2016,23.8475,23.85,23.615,23.747499,22.255449,110820800,-0.009429932
01-07-2016,23.872499,24.1175,23.8325,23.9725,22.466309,104106000,0.003028844
30-06-2016,23.610001,23.942499,23.575001,23.9,22.398365,143345600,0.012631836
29-06-2016,23.4925,23.637501,23.407499,23.6,22.117212,146124000,0.008617628
28-06-2016,23.225,23.415001,23.035,23.397499,21.927433,161779600,0.016700213
27-06-2016,23.25,23.262501,22.875,23.01,21.564281,181958400,-0.01466809
24-06-2016,23.227501,23.665001,23.1625,23.35,21.882919,301245600,-0.028498116
23-06-2016,23.985001,24.0725,23.8125,24.025,22.515512,128960800,0.005739606
22-06-2016,24.0625,24.2225,23.8375,23.887501,22.386652,116876400,-0.003760389
21-06-2016,23.735001,24.0875,23.67,23.977501,22.470993,142185600,0.008481151
20-06-2016,24,24.1425,23.7575,23.775,22.281219,137647600,-0.002415574
17-06-2016,24.155001,24.1625,23.825001,23.8325,22.335106,244032800,-0.023020537
16-06-2016,24.112499,24.4375,24.0175,24.387501,22.855236,125307200,0.004211833
15-06-2016,24.455,24.602501,24.2575,24.285,22.759176,117780800,-0.00328873
14-06-2016,24.33,24.620001,24.1875,24.365,22.834148,127727600,0.001231985
13-06-2016,24.672501,24.780001,24.275,24.334999,22.806034,152082000,-0.015191291
10-06-2016,24.6325,24.8375,24.620001,24.7075,23.155132,126851600,-0.008262678
09-06-2016,24.625,24.997499,24.615,24.9125,23.347248,106405600,0.007150412
08-06-2016,24.754999,24.889999,24.67,24.735001,23.180901,83392400,-0.000909172
07-06-2016,24.8125,24.967501,24.74,24.7575,23.201986,89638000,0.004047533
06-06-2016,24.497499,25.4725,24.387501,24.657499,23.108265,93170000,0.00722441
03-06-2016,24.4475,24.567499,24.362499,24.48,22.941923,114019600,0.002044463
02-06-2016,24.4,24.459999,24.157499,24.43,22.895067,160766400,-0.007544194
01-06-2016,24.754999,24.885,24.5825,24.615,23.068445,116693200,-0.014118721
31-05-2016,24.9,25.1,24.705,24.965,23.396452,169228800,-0.004894771
27-05-2016,24.860001,25.1175,24.8125,25.0875,23.511253,145364800,-0.00059779
26-05-2016,24.92,25.182501,24.66,25.102501,23.525312,225324800,0.007898852
25-05-2016,24.6675,24.934999,24.5275,24.905001,23.340221,152675200,0.017416174
24-05-2016,24.305,24.522499,24.209999,24.475,22.937243,140560800,0.015129366
23-05-2016,23.967501,24.297501,23.9175,24.1075,22.592829,152074400,0.012627489
20-05-2016,23.66,23.8575,23.629999,23.805,22.309332,128104000,0.010769942
19-05-2016,23.66,23.66,23.3925,23.549999,22.070351,121768400,-0.003814359
18-05-2016,23.540001,23.8025,23.4725,23.639999,22.154696,168249600,0.011379712
17-05-2016,23.637501,23.674999,23.252501,23.372499,21.904011,187667600,-0.004162751
16-05-2016,23.0975,23.5975,22.9125,23.469999,21.995382,245039200,0.03644665
13-05-2016,22.5,22.9175,22.5,22.629999,21.208157,177571200,0.001990743
12-05-2016,23.18,23.195,22.3675,22.584999,21.165979,305258800,-0.023736712
11-05-2016,23.370001,23.3925,23.115,23.127501,21.6744,114876400,-0.009788517
10-05-2016,23.3325,23.3925,23.0275,23.355,21.887602,134747200,0.006766384
09-05-2016,23.25,23.442499,23.147499,23.1975,21.740002,131745600,0.000754562
06-05-2016,23.342501,23.362499,22.9625,23.18,21.723604,174799600,-0.005592701
05-05-2016,23.5,23.5175,23.17,23.309999,21.845438,143562000,-0.004066895
04-05-2016,23.799999,23.975,23.455,23.547501,21.934462,164102000,-0.010455912
03-05-2016,23.549999,23.934999,23.42,23.795,22.16501,227325200,0.016312194
02-05-2016,23.4925,23.52,23.1,23.41,21.806383,192640400,-0.001067329
29-04-2016,23.497499,23.68,23.127501,23.434999,21.82967,274126000,-0.011560941
28-04-2016,24.4025,24.469999,23.5625,23.7075,22.083506,328970800,-0.031043052
27-04-2016,24,24.6775,23.92,24.455,22.779797,458408400,-0.064621563
26-04-2016,25.977501,26.325001,25.977501,26.0875,24.300468,224064800,-0.006971434
25-04-2016,26.25,26.4125,26.127501,26.27,24.470469,112126400,-0.005693826
22-04-2016,26.252501,26.620001,26.155001,26.42,24.610197,134732400,-0.002740227
21-04-2016,26.7325,26.7325,26.379999,26.4925,24.677727,126210000,-0.010887151
20-04-2016,26.66,27.022499,26.514999,26.782499,24.947865,122444000,0.002055754
19-04-2016,26.969999,27,26.557501,26.727501,24.896631,129539600,-0.005317482
18-04-2016,27.2225,27.237499,26.735001,26.870001,25.029371,243286000,-0.021811054
15-04-2016,28.0275,28.075001,27.432501,27.4625,25.581285,187756000,-0.020275376
14-04-2016,27.905001,28.0975,27.8325,28.025,26.105249,101895600,0.000535246
13-04-2016,27.700001,28.084999,27.700001,28.01,26.09128,133029200,0.014383622
12-04-2016,27.334999,27.625,27.165001,27.610001,25.718679,108929200,0.012941192
11-04-2016,27.2425,27.6525,27.2075,27.254999,25.387993,117630000,0.003307576
08-04-2016,27.227501,27.442499,27.0425,27.165001,25.304159,94326800,0.001104935
07-04-2016,27.487499,27.605,27.030001,27.135,25.276215,127207600,-0.022051136
06-04-2016,27.557501,27.745001,27.299999,27.74,25.839775,105616400,0.010418063
05-04-2016,27.377501,27.682501,27.355,27.452499,25.571972,106314800,-0.011859065
04-04-2016,27.605,28.047501,27.567499,27.780001,25.877037,149424800,0.010221503
01-04-2016,27.195,27.5,27.049999,27.497499,25.613882,103496000,0.009133056
31-03-2016,27.43,27.475,27.219999,27.247499,25.381014,103553600,-0.00521603
30-03-2016,27.1625,27.605,27.15,27.389999,25.513748,182404400,0.017308504
29-03-2016,26.2225,26.9475,26.219999,26.92,25.075943,124760400,0.023395672
28-03-2016,26.5,26.547501,26.264999,26.297501,24.496084,77645600,-0.00455288
24-03-2016,26.3675,26.5625,26.2225,26.4175,24.607866,104532000,-0.004343835
23-03-2016,26.620001,26.7675,26.475,26.532499,24.714991,102814000,-0.005543862
22-03-2016,26.3125,26.8225,26.3025,26.68,24.852388,129777600,0.007618844
21-03-2016,26.4825,26.9125,26.285,26.477501,24.663761,142010800,-9.41823E-05
18-03-2016,26.584999,26.625,26.297501,26.48,24.666084,176820800,0.001133453
17-03-2016,26.379999,26.6175,26.24,26.450001,24.638142,137682800,-0.001605366
16-03-2016,26.1525,26.577499,26.147499,26.4925,24.677727,153214000,0.013203593
15-03-2016,25.99,26.295,25.9625,26.145,24.354034,160270800,0.019894476
14-03-2016,25.477501,25.727501,25.445,25.629999,23.874311,100304400,0.002539126
11-03-2016,25.559999,25.57,25.375,25.565001,23.813768,109632800,0.010716471
10-03-2016,25.352501,25.559999,25.0375,25.2925,23.559931,134054400,0.000494224
09-03-2016,25.327499,25.395,25.067499,25.280001,23.54829,108806800,0.00089061
08-03-2016,25.195,25.440001,25.1,25.2575,23.527327,126247600,-0.008280169
07-03-2016,25.5975,25.7075,25.24,25.467501,23.722946,143315600,-0.011128407
04-03-2016,25.592501,25.9375,25.342501,25.752501,23.988419,184220400,0.014767283
03-03-2016,25.145,25.4275,25.112499,25.375,23.636778,147822800,0.007416342
02-03-2016,25.127501,25.2225,24.91,25.1875,23.462128,132678400,0.002186077
01-03-2016,24.4125,25.192499,24.355,25.1325,23.410894,201628400,0.038946301
29-02-2016,24.215,24.557501,24.1625,24.172501,22.516653,140865200,-0.002272621
26-02-2016,24.299999,24.504999,24.145,24.227501,22.567883,115964400,0.001548796
25-02-2016,24.012501,24.190001,23.8125,24.190001,22.532957,110330800,0.006844758
24-02-2016,23.495001,24.094999,23.33,24.025,22.379251,145022800,0.014780682
23-02-2016,24.1,24.125,23.637501,23.672501,22.050903,127770400,-0.022864766
22-02-2016,24.077499,24.225,23.98,24.219999,22.5609,137123200,0.008708474
19-02-2016,24,24.190001,23.950001,24.01,22.365282,141496800,-0.002288118
18-02-2016,24.709999,24.7225,24.022499,24.065001,22.416515,156084000,-0.019138492
17-02-2016,24.1675,24.5525,24.0375,24.530001,22.849665,179452800,0.015198639
16-02-2016,23.754999,24.2125,23.6525,24.16,22.505007,196231600,0.027804119
12-02-2016,23.547501,23.625,23.252501,23.497499,21.887894,161405600,0.003090311
11-02-2016,23.4475,23.68,23.147499,23.424999,21.820358,200298800,-0.006064699
10-02-2016,23.98,24.0875,23.525,23.567499,21.953094,169374400,-0.007608809
09-02-2016,23.5725,23.985001,23.4825,23.747499,22.120768,177324800,-0.000210368
08-02-2016,23.282499,23.924999,23.26,23.752501,22.125422,216085600,0.010474536
05-02-2016,24.129999,24.23,23.422501,23.504999,21.894878,185672400,-0.02707114
04-02-2016,23.965,24.3325,23.797501,24.15,22.495693,185886800,0.008002886
03-02-2016,23.75,24.209999,23.52,24.0875,22.316381,183857200,0.019599068
02-02-2016,23.855,24.01,23.57,23.620001,21.883259,149428800,-0.020429055
01-02-2016,24.1175,24.1775,23.85,24.1075,22.334911,163774000,-0.009392548
29-01-2016,23.6975,24.334999,23.5875,24.334999,22.545681,257666000,0.033958142
28-01-2016,23.4475,23.629999,23.0975,23.522499,21.792925,222715200,0.00714641
27-01-2016,24.01,24.157499,23.334999,23.355,21.637739,533478800,-0.067964716
26-01-2016,24.9825,25.219999,24.5175,24.997499,23.159468,300308000,0.005515568
25-01-2016,25.379999,25.3825,24.8025,24.860001,23.032082,207178000,-0.019715889
22-01-2016,24.657499,25.365,24.592501,25.355,23.490686,263202000,0.0518021
21-01-2016,24.264999,24.469999,23.735001,24.075001,22.3048,208646000,-0.005075465
20-01-2016,23.775,24.547501,23.355,24.1975,22.418295,289337600,0.001344047
19-01-2016,24.602501,24.6625,23.875,24.165001,22.388184,212350800,-0.004850425
15-01-2016,24.049999,24.4275,23.84,24.282499,22.49704,319335600,-0.024308315
14-01-2016,24.49,25.120001,23.934999,24.879999,23.050606,252680400,0.021634917
13-01-2016,25.08,25.297501,24.325001,24.3475,22.557264,249758400,-0.02604653
12-01-2016,25.137501,25.172501,24.709999,24.99,23.152521,196616800,0.014409187
11-01-2016,24.7425,24.764999,24.334999,24.6325,22.821304,198957600,0.016062193
08-01-2016,24.637501,24.7775,24.190001,24.24,22.457672,283192000,0.005274135
07-01-2016,24.67,25.032499,24.1075,24.112499,22.339539,324377600,-0.043121071
06-01-2016,25.139999,25.592501,24.967501,25.174999,23.323915,273829600,-0.019763859
05-01-2016,26.4375,26.4625,25.602501,25.6775,23.789471,223164000,-0.019763859
